,111퍼센트,42컴퍼니,5민랩,KIS정보통신,가우디오랩,가재연구소,갓잇코리아,같다,건강한친구들,건강한형제들,게이즈,게임베리,겟차,고고밴코리아,고운세상코스메틱,고퀄,고투조이,고피자,골골송작곡가,골프존,공구우먼,공부선배,공팔리터,교보생명보험,구구스,구루미,구름,굿닥,그랑핸드,그램퍼스,그럼에도,그리티,그린카,그립컴퍼니,글로랑,글로벌네트웍스,글로벌셀러창업연구소,글로우데이즈,글루가,글림미디어그룹,깃컴퍼니,꾸까,꿈비,나우인파리,나이비,나이스페이먼츠,나이키코리아,나인에이엠,나인탭,나인투원,나투스핀,난다,너드소프트,널리소프트,넛지헬스케어,네모커머스,네오랩컨버전스,네오사피엔스,네오펙트,네이버,네이버제트,네이앤컴퍼니,넥셀,넥스트스토리,넵튠,넷마블몬스터,넷마블에프앤씨,노마드스타,노써치,노타,노티플러스,놀이의발견,눔코리아,뉴닉,뉴로메카,뉴스젤리,뉴아이디,뉴지스탁,뉴플로이,니더,닛픽,다날핀테크,다노,다다엠앤씨,다름플러스,다섯시삼십분,다이닝코드,닥터다이어리,닥터키친,단비교육,단색,달리웍스,달콤소프트,달콤한고래들,담화컴퍼니,닷,당근마켓,대기업,댄스팜,더부쓰,더브이씨,더브이플래닛,더블엔씨,더블유게임즈,더블유비스킨,더블유아일랜드,더블유에스비팜,더블유컨셉코리아,더스윙,더스킨팩토리,더치트,더코퍼레이션,더콘테스트,더클로젯컴퍼니,더파이러츠,데마시안,데브시스터즈,데이블,데이원컴퍼니,데이콘,데일리,데일리샷,데일리앤코,데일리펀딩,덱스터스튜디오,도그메이트,두꺼비세상,두나무,두물머리,두번째,두핸즈,둥글,듀이트리,드라마앤컴퍼니,드림모션,드림어스컴퍼니,디레몬,디셈버앤컴퍼니자산운용,디스코,디알코퍼레이션,디어코퍼레이션,디에스글로벌농업회사법인,디유닛,디코드,디투컴퍼니,디파이,딜라이트룸,딜리버리히어로코리아,딜리셔스,딜리헙,딜카,딥브레인에이아이,딥서치,딥아이,땀,띵굴,띵스플로우,라라잡,라엘코리아,라온시큐어,라이뷰,라이앤캐처스,라이클,라이클컴퍼니,라이트브라더스,라임코리아,라카이코리아,라프텔,람다256,래드손,래블업,랩도쿠,러닝스푼즈,럭스로보,럭시,레드로켓,레드블루,레디앤스타트,레벨13,레이지소사이어티,레인보우로보틱스,레진엔터테인먼트,레트리카,렌딧,렌트킹,로드컴플릿,로마켓,로보코리아,로앤컴퍼니,로이비쥬얼,로지스팟,로커스,로켓뷰,로플랫,루닛,루키코퍼레이션,루텔라,루트원소프트,룩시드랩스,룰루랩,뤼이드,르호봇비즈니스인큐베이터,리걸테크,리드앤톡에듀,리디,리본즈코리아,리뷰쉐어,리스틀리,리치플래닛,리테일앤인사이트,리틀송뮤직,리호즈,리화이트,립합,링글잉글리시에듀케이션서비스,링커리어,링크샵스,마도로스,마드라스체크,마리몬드,마보,마이리얼트립,마이마부,마이뮤직테이스트,마이셀럽스,마이셰프,마이워크스페이스,마이크로프트,마이페어,마이플레이컴퍼니,마인딩,마인즈랩,마카롱팩토리,마켓디자이너스,마켓보로,마켓비,마켓잇,마타컴퍼니,마플코퍼레이션,마피아컴퍼니,만인의꿈,말랑스튜디오,맘편한세상,맛있는삶,망고슬래브,망고플레이트,매드스퀘어,매드업,매쉬업엔젤스,매스아시아,매스프레소,매쓰홀릭,맥스트,맵스,맵씨닷컴,머니매그넷,머스트잇,머지홀딩스,먼데이오프,먼치팩토리,메가스터디교육,메가엠디,메가존클라우드,메가폰엔터테인먼트,메디스트림,메를로랩,메쉬코리아,메이저맵,메이크스타,메이크스페이스,메이크어스,모노리스,모두닥,모두싸인,모두의셔틀,모두의연구소,모두의클래스,모두컴퍼니,모비데이즈,모비두,모빌,모스트바이,모인,모젯,모코플렉스,모토벨로,모히또게임즈,몰로코,무신사,문리버,문토,문피아,뮤즈라이브,뮤직플랫,뮤팟,뮬라,미네랄바이오,미니맵,미드레이트,미디언스,미띵스,미로,미리디,미머디,미미박스,미소,미스터멘션,미스터즈가라지,미스터픽,미티영,미팩토리,민다,밀리의서재,바닐라브릿지,바디프랜드,바람인터내셔날,바램시스템,바로고,바벨탑,바이로봇,바이시큐,바이앱스,바이오넷,바이오노트,바이오닉스,바이탈힌트코리아,바잇미,박스트리,반려생활,발란,배럴즈,배틀엔터테인먼트,백패커,밸런스히어로,밸류맵,뱁션,뱅크샐러드,버드뷰,버즈니,버즈빌,버즈아트,버츄어라이브,버킷플레이스,버프스튜디오,버핏서울,벅시,번개장터,베스핀글로벌,베이글랩스,베이비프렌즈,벤디스,벤처스퀘어,벽산,보고플레이,보맵,보이스루,봉봉,부동산플래닛,부트페이,북팔,뷰노,브라운백커피,브랜드엑스코퍼레이션,브랜디,브레이브모바일,브레인커머스,브레인콜라,브로콜릭,브리치,브릴리언츠,브이리얼,브이씨,브이씨엔씨,블랭크코퍼레이션,블로코,블루엠텍,비글,비긴메이트,비누랩스,비드폴리오,비디오몬스터,비디오빌리지,비마이펫,비모뉴먼트,비바리퍼블리카,비바웨이브,비바이노베이션,비브로스,비브스튜디오스,비비비,비석세스,비알스톰,비욘드플랫폼서비스,비주얼,비지피웍스,비츠,비트나인,비트바이트,비트윈어스,비트코퍼레이션,비티지,비프로컴퍼니,비햅틱스,빅쏠,빌리어네어즈,빔모빌리티코리아,빗썸코리아,빙글,빛컨,뿅카,사람인에이치알,사운드그래프,사운드짐,사이다경제,사회적협동조합빠띠,산너머남촌,삼분의일,샌드박스네트워크,생활연구소,샤플,샵팬픽,서울번드,서울보증보험,서울옥션,서울옥션블루,설로인,세이션,세차왕,세컨리스트,세컨신드롬,세티즌,센디,센스톤,센트비,셀러허브,셀버스,소프트런치,소프트베리,솔젠트,솔파,솜씨당컴퍼니,쇼퍼블,수버킷,수파자,쉐어잇,쉐이커미디어,슈가힐,슈퍼박스,스노우,스리체어스,스마일벤처스,스마트동스쿨,스마트로,스마트스코어,스마트스터디,스마트인피니,스마트잭,스마트조이,스마트포스팅,스무디,스위트스팟,스윗테크놀로지스,스윙비,스캐터랩,스켈터랩스,스퀘어랩,스크루바,스타일닷컴,스타일쉐어,스타트업얼라이언스,스터닝,스터디맥스,스터디짐,스터디파이,스테이션3,스테이즈,스테이폴리오,스토어링크,스토어카메라,스톤아이,스튜디오씨드코리아,스트롱홀드테크놀로지,스트리미,스티비,스티팝,스파코사,스파크플러스,스팟라이틀리,스팬딧,스페이스워크,스포카,스푼라디오,스픽이지랩스코리아,슬릭코퍼레이션,시어스랩,시옷,시지온,시프트업,시프티,식스샵,식신,심플러,심플프로젝트컴퍼니,싸이버로지텍,싸이월드제트,써머스플랫폼,썸에이지,쏘카,쓰리아이,씨에이씨컴퍼니,씨엔티테크,씨엘,씨제이대한통운,씽즈,아드리엘,아로마티카,아머드프레시,아비즈,아빠컴퍼니,아산나눔재단,아우름플래닛,아웃스탠딩컴퍼니,아웃오브스탁,아이나비시스템즈,아이네블루메,아이두젠,아이디브,아이브코리아,아이스앤브이,아이씨비,아이아이컴바인드,아이알큐더스,아이앤나,아이지넷,아이지롯,아이지에이웍스,아이티앤베이직,아이포트폴리오,아이헤이트플라잉버그스,아임웹,아카에이아이,아카인텔리전스,아키드로우,아테나스랩,아토머스,아토스터디,아트리즈,아트맵,아티스츠카드,아티스티,아파트너,아파트멘터리,안다르,안테나,알디프,알려줌,알리콘,알비더블유,알비트,알스퀘어,알스퀘어부동산중개법인,알에셋마스터리스,알엘에이피,알테아,알파프라임,애니펜,애드락애드버테인먼트,애드쉴드,애드엑스,애드오피,애드저스트코리아,애드히어로,애디터,애딧,애플파이스튜디오,액션스퀘어,앤스페이스,앱포스터,앵커리어,야나두,야놀자,얄라팩토리,얌테이블,얍컴퍼니,어니스트펀드,어뮤즈,어바웃펫,어반베이스,어반플레이,어브로딘,어픽스,업라이즈,에디켓,에멘탈,에몬스앳홈,에바인,에벤에셀케이,에스브릿지,에스에스엘케이에이치,에스에스지닷컴,에스티유니타스,에어프레미아,에이블리코퍼레이션,에이블커피그룹,에이블트리,에이비일팔공,에이비제트,에이비티아시아,에이에스엔,에이에프아이,에이엔게임즈,에이엘아이,에이치소사이어티,에이치엠인터내셔날,에이치투오호스피탈리티,에이치투케이,에이프로젠,에이프릴세븐,에이피알,에임,에잇엑스코퍼레이션,에잇퍼센트,에프아이에프엘,에프엑스기어,에프엠제이인터내셔날,엑스바이블루,엑스엘게임즈,엑스트라이버,엑씽크,엔드림,엔라이즈,엔라이튼,엔비티,엔씽,엔에스스튜디오,엔에이치엔벅스,엔에이치엔에듀,엔젠바이오,엔젤게임즈,엔지노믹스,엔코드,엔터크라우드,엔픽셀,엘리스,엘젠테라퓨틱스,엘지씨엔에스,엠비아이솔루션,여기어때컴퍼니,여보야,여행노트앤투어,예스튜디오,오누이,오늘식탁,오니온파이브,오드엠,오디케이미디어,오리진게임즈,오션스,오시리스시스템즈,오아시스,오예스벤처스,오윈,오이스터에이블,오지큐,오케스트라스토리,오케이몰,오케이쎄,오케이홈,오토위니,오픈갤러리,오픈놀,오픈서베이,오픈트레이드,오피지지,온다,온오프믹스,온채널,온페이스게임즈,올가니카,올룰로,올리브유니온,올리브헬스케어,올스테이,와그,와디즈,와이드필드,와이디어,와이랩,와이어바알리,와이오엘오,와이즈모바일,와이즈스톤,와이지플러스,와이피랩스,와인그래프,와탭,와탭랩스,왁티,왓챠,요크,용감한컴퍼니,우리은행,우아한형제들,운칠기삼,움클래스,워시스왓,웍스아웃,원더래빗,원모먼트,원밀리언,원스토어,원테이커,원티드랩,원패밀리,웨딩북,웨이버스,웨이브코퍼레이션,웰트,위드소프트,위메프,위밋플레이스,위버스마인드,위버스컴퍼니,위블링,위시켓,위아트,위아프렌즈,위자드웍스,위주,위즈넷,위즈돔,위즈페이스,위트레인,위펀,위플래닛,위힐드,윌림,윙잇,유니드컴즈,유니크굿컴퍼니,유니테이크홀딩스,유리벳코리아,유베이스,유비스랩,유비케어,유비파이,유어네임히얼,유엠에이지,의식주컴퍼니,이벤터스,이브로드캐스팅,이브이알스튜디오,이상한마케팅,이스트몹,이스트엔드,이스트컨트롤,이십구쩜오,이십사점오,이에쓰씨컴퍼니,이원다이애그노믹스,이음소시어스,이제이엔,이지스자산운용,이지식스,이지어드민,이지에이치엘디,이큐브랩,이투에스티,이파피루스,익스플레인,인디펜던트,인라이브,인바이유,인사이터,인스팅터스,인크루트,인테이크,인프랩,인플루엔셜,인피니소프트,일레븐코퍼레이션,일리오,자라나는씨앗,자락당,자란다,자버,자비스앤빌런즈,자이언트스텝,작당모의,잘노는,잡코리아,장보고식자재마트,재이,정육각,제네시스랩,제넥신,제누이오,제로웹,제이에스벤처스,제이카,제주스타렌탈,제플린엑스,젠허브,젤라또랩,젤리버스,줌마,중고나라,지냄,지니웍스,지란지교컴즈,지바카케어,지아이티,지앤톡,지오인터넷,지인플러스,지지틱스,지티에스글로벌,지피클럽,직방,직토,진짜녀석들,질경이,짐싸,집꾸미기,집닥,집토스,째깍악어,차비스,차이나다,차이엑스,차이코퍼레이션,차차크리에이션,찬스월드,채널코퍼레이션,청담러닝,체인로지스,체인파트너스,체커,체크멀,카닥,카랑,카룸,카바조,카버코리아,카이아이컴퍼니,카카오,카카오모빌리티,카카오뱅크,카카오브이엑스,카카오스타일,카카오엔터테인먼트,카카오커머스,카카오페이,카택스,카테노이드,카페24,카펜스트리트,캐시카우,캐치잇플레이,캐플릭스,캔슬마켓,캠핑톡,커뮤니케이션앤컬처,컨슈머브릿지,컨트롤에프,컬리,컬쳐히어로,컴포트랩,케어랩스,케어마인드,케어위드,케이뱅크,케이에스티모빌리티,케이지에듀원,케이크,케이티디에스,케이티스튜디오지니,코그넥스코리아,코나투스,코니밤비니,코데즈컴바인,코드브릭,코드스쿼드,코드스테이츠,코드잇,코리아센터,코멘토,코빗,코아시아넥셀,코인원,코인플러그,코인힐스,코자자,코핀커뮤니케이션즈,콘버스,콘텐츠웨이브,콘텐츠캐리어,콘텐츠퍼스트,콜라비팀,콜리,콜버스랩,콩테크,콴에프앤씨,쿠돈,쿠딩,쿠캣,쿠팡,쿠핏,쿨잼컴퍼니,쿼터백그룹,퀄슨,퀸즈코퍼레이션,큐리어슬리,큐비트시큐리티,큐피스트,큐픽스,크라우드웍스,크라우드픽,크라우디,크라클팩토리,크래프톤,크로스앵글,크로스파이낸스코리아,크리마,크리에이터링크,크리에이트립,크몽,클라썸,클라우드브릭,클라우드스톤,클래스101,클래스카드,클래스팅,클로버추얼패션,키노라이츠,키다리스튜디오,키즈노트,키튼플래닛,타이드스퀘어,타이어비즈,탈잉,탐생,탑플랫폼,태그바이컴퍼니,태극제약,탤런트뱅크,터치웍스,텀블벅,테라핀테크,테이블링,테이크원컴퍼니,텐덤,텐비,텐큐브,텐핑,텐핑거스,텔라,텔레센트로,토스랩,토스뱅크,토파스여행정보,톤28,투게더앱스,투데잇,투미유,투믹스,투블루,투스라이프,튜터링,트라이어스앤컴퍼니,트래블월렛,트레드링스,트레바리,트레이지,트레져헌터,트렌비,트리플,트리플래닛,트리플콤마,트릴리어네어,트립비토즈,트릿지,트위니,티그린,티디에이치컴퍼니,티맥스소프트,티맵모빌리티,티몬,티밸류와이즈,티빙,티스쿨컴퍼니,티엘엑스패스,티오리한국,티원모빌리티,티웨이브,티켓플레이스,티클,틴고랜드,팀블라인드세일즈앤마케팅코리아,팀오투,팀와이퍼,팀윙크,팀플러스,파운트,파이브락스,파이브잭,파이브커피,파이언스,파이프랩스,파지티브호텔,파킹클라우드,파트너,파파모빌리티,팔로,팔루썸니,팝펀딩,팟빵,팡스카이,패브릭타임,패션프루트,패스트레인,패스트뷰,패스트파이브,팩토리얼,팬딩,팬마음,퍼블리,퍼스트캔버스,퍼펙트스톰,퍼퓸그라피,퍼플랩스,퍼플랩스헬스케어,퍼플코퍼레이션,펀다,펀엔씨,펀플웍스,페이레터,페이스북코리아,페이타랩,페이플,펫닥,펫박스,펫프렌즈,펫피플,포스뱅크,포스크리에이티브파티,포스타입,포인트파크,포잉,포휠즈,푸드테크,풋셀,퓨처웍스,퓨처플레이,프라미솝,프레시지,프레시코드,프렌즈큐브,프렌트립,프론티,프리모아,프리윌린,플라이북,플라잉,플래너리,플랭,플레이스5,플레이팅,플레이하드,플렉스핏,플리팝,피알앤디컴퍼니,피유엠피,피플카,피플펀드컴퍼니,피피비스튜디오스,핀다,핀크럭스,필드쉐어,필디,필웨이,핏펫,핑거스토리,하비비커뮤니케이션,하비인더박스,하비풀,하얀마인드,하우빌드,하우스미디어,하우투비즈랩,하운드13,하이브,하이브로,하이앤디,하이어엑스,하이퍼커넥트,하츠,하플리,학원의신,한국거래소시스템즈,한국금융솔루션,한국산업은행,한국신용데이터,한국증권금융,한국통합민원센터,한율씨엔에스,한패스,해빗팩토리,해빛,해시드,해줌,해피래빗,해피문데이,허니비즈,허닭,허브아일랜드쇼핑몰,헤렌,헬로네이처,헬로마켓,헬스맥스,헬프미,헬프미법률사무소,현대엔지니어링,현대캐피탈,혜움랩스,호갱노노,호두랩스,홀릭스팩토리,홈마스터,홈스토리생활,홈즈컴퍼니,홈핏,화난사람들,화이트큐브,휴넷,휴마트컴퍼니,휴맥스모빌리티,휴먼스케이프,히든트랙,힐링페이퍼,힐세리온
2016-11-01,0 ,0 ,0 ,0 ,0 ,0 ,0 ,0 ,0 ,0 ,0 ,0 ,27927 ,0 ,0 ,0 ,0 ,0 ,0 ,448559 ,22896 ,729 ,29034 ,0 ,0 ,0 ,0 ,122092 ,0 ,0 ,0 ,0 ,65614 ,0 ,0 ,8683 ,0 ,140123 ,0 ,0 ,0 ,0 ,0 ,0 ,0 ,2291 ,27173 ,0 ,0 ,0 ,0 ,6392 ,0 ,0 ,0 ,0 ,0 ,0 ,0 ,28400530 ,0 ,0 ,0 ,0 ,56185 ,399479 ,0 ,13342 ,0 ,19889 ,0 ,0 ,49495 ,0 ,0 ,0 ,0 ,0 ,2192 ,5452 ,0 ,0 ,3030 ,0 ,0 ,0 ,191876 ,0 ,0 ,0 ,0 ,0 ,0 ,0 ,0 ,0 ,146661 ,0 ,0 ,0 ,0 ,0 ,0 ,0 ,0 ,4955 ,0 ,0 ,0 ,0 ,69567 ,0 ,5805 ,0 ,22297 ,0 ,2124236 ,0 ,0 ,0 ,327635 ,0 ,0 ,0 ,0 ,0 ,5700 ,209957 ,0 ,0 ,0 ,7968 ,283 ,530173 ,0 ,192975 ,0 ,0 ,0 ,0 ,0 ,0 ,0 ,0 ,39097 ,0 ,0 ,1737002 ,66599 ,0 ,0 ,0 ,0 ,0 ,11988 ,0 ,0 ,0 ,0 ,664829 ,0 ,0 ,119056 ,3647 ,0 ,0 ,0 ,17123 ,0 ,3954 ,0 ,0 ,0 ,0 ,6698 ,0 ,0 ,0 ,566066 ,0 ,0 ,915776 ,85806 ,0 ,0 ,82660 ,1000 ,0 ,4149 ,0 ,0 ,0 ,0 ,0 ,0 ,0 ,0 ,0 ,0 ,0 ,0 ,0 ,0 ,0 ,120404 ,0 ,0 ,0 ,9781 ,0 ,0 ,5069 ,9692 ,3070 ,0 ,0 ,0 ,0 ,0 ,0 ,3775 ,28827 ,0 ,0 ,0 ,0 ,0 ,0 ,0 ,0 ,0 ,0 ,162504 ,0 ,0 ,4842 ,633 ,0 ,0 ,0 ,0 ,679825 ,0 ,0 ,0 ,110973 ,0 ,0 ,0 ,0 ,6263 ,0 ,0 ,0 ,56892 ,0 ,724 ,0 ,0 ,0 ,25888 ,0 ,0 ,0 ,0 ,0 ,0 ,0 ,0 ,0 ,0 ,0 ,0 ,0 ,0 ,0 ,0 ,43531 ,0 ,0 ,54652 ,0 ,0 ,112869 ,0 ,0 ,100689 ,0 ,0 ,0 ,0 ,105296 ,0 ,0 ,0 ,6958 ,10863 ,0 ,0 ,0 ,0 ,0 ,0 ,0 ,0 ,10715 ,0 ,0 ,118902 ,35188 ,0 ,5544 ,0 ,0 ,0 ,0 ,0 ,1665 ,0 ,0 ,0 ,0 ,0 ,0 ,0 ,477671 ,0 ,0 ,0 ,0 ,0 ,459916 ,682524 ,0 ,0 ,0 ,0 ,973243 ,2689940 ,1409283 ,0 ,0 ,112056 ,0 ,0 ,2718 ,1084604 ,0 ,0 ,19904 ,1130 ,0 ,0 ,0 ,0 ,0 ,0 ,0 ,0 ,45269 ,0 ,0 ,0 ,35708 ,0 ,83468 ,17758 ,6261 ,598 ,0 ,0 ,0 ,658844 ,0 ,0 ,0 ,206533 ,0 ,420167 ,0 ,0 ,0 ,0 ,0 ,1471886 ,0 ,0 ,373592 ,0 ,66599 ,0 ,0 ,0 ,0 ,0 ,0 ,0 ,0 ,0 ,0 ,21046 ,0 ,0 ,0 ,0 ,0 ,0 ,1761337 ,0 ,0 ,379844 ,0 ,0 ,0 ,0 ,0 ,0 ,0 ,0 ,0 ,0 ,0 ,0 ,0 ,0 ,0 ,0 ,0 ,0 ,0 ,0 ,19386 ,0 ,0 ,0 ,0 ,0 ,729 ,0 ,0 ,0 ,0 ,0 ,0 ,0 ,0 ,0 ,0 ,5751438 ,0 ,0 ,0 ,0 ,75167 ,43582 ,0 ,0 ,0 ,8539 ,0 ,0 ,0 ,0 ,105298 ,0 ,256966 ,0 ,131762 ,277672 ,0 ,0 ,46337 ,0 ,0 ,430007 ,0 ,0 ,0 ,21702 ,0 ,0 ,0 ,0 ,0 ,0 ,0 ,0 ,0 ,0 ,0 ,18819 ,79971 ,0 ,0 ,431780 ,0 ,0 ,976146 ,0 ,0 ,27737 ,134599 ,0 ,0 ,0 ,479897 ,123603 ,401750 ,0 ,0 ,0 ,13575 ,1718730 ,0 ,0 ,0 ,0 ,43562 ,0 ,0 ,0 ,0 ,0 ,317557 ,0 ,0 ,8604 ,0 ,0 ,0 ,0 ,0 ,5603 ,0 ,0 ,0 ,0 ,0 ,0 ,0 ,0 ,0 ,0 ,0 ,30024 ,0 ,2061193 ,0 ,0 ,0 ,15607 ,0 ,0 ,0 ,0 ,1776 ,0 ,0 ,0 ,0 ,0 ,0 ,0 ,0 ,0 ,0 ,47539 ,0 ,0 ,0 ,0 ,0 ,0 ,67774 ,404165 ,41145 ,1124 ,0 ,4576 ,0 ,386448 ,0 ,6217 ,69837 ,0 ,0 ,4322 ,0 ,0 ,0 ,16177 ,0 ,0 ,0 ,0 ,1438786 ,0 ,0 ,89525 ,572860 ,51743 ,0 ,80465 ,0 ,0 ,0 ,0 ,0 ,1384 ,0 ,9778 ,0 ,8479 ,0 ,4273 ,0 ,0 ,8607 ,5123 ,0 ,0 ,0 ,0 ,0 ,0 ,0 ,0 ,0 ,0 ,0 ,0 ,0 ,4648363 ,0 ,0 ,904224 ,1493722 ,0 ,0 ,0 ,0 ,0 ,0 ,0 ,0 ,0 ,0 ,574883 ,42070 ,0 ,5615 ,18559 ,0 ,0 ,36077 ,0 ,0 ,0 ,0 ,0 ,0 ,0 ,0 ,166957 ,0 ,146945 ,0 ,0 ,0 ,0 ,0 ,140206 ,0 ,156934 ,0 ,11844 ,0 ,0 ,0 ,0 ,0 ,0 ,25387 ,24590 ,14047 ,0 ,81794 ,0 ,0 ,0 ,16478 ,0 ,0 ,0 ,0 ,0 ,0 ,0 ,88024 ,0 ,0 ,0 ,3197315 ,0 ,0 ,0 ,0 ,325595 ,0 ,0 ,0 ,0 ,2742 ,0 ,4344 ,6270 ,0 ,0 ,0 ,6238785 ,0 ,0 ,1038103 ,286421 ,0 ,0 ,0 ,351816 ,0 ,0 ,6237 ,0 ,0 ,0 ,0 ,0 ,0 ,0 ,0 ,0 ,0 ,0 ,0 ,0 ,0 ,0 ,0 ,0 ,0 ,0 ,0 ,0 ,0 ,617146 ,0 ,0 ,0 ,0 ,10919 ,0 ,10162 ,0 ,0 ,0 ,0 ,578986 ,0 ,18907 ,0 ,1559 ,0 ,0 ,0 ,0 ,0 ,66877 ,0 ,0 ,0 ,0 ,0 ,0 ,0 ,0 ,0 ,0 ,0 ,0 ,0 ,1254 ,532982 ,0 ,0 ,0 ,0 ,0 ,0 ,0 ,0 ,0 ,5675 ,0 ,0 ,31247 ,63262 ,0 ,476437 ,33181 ,283 ,0 ,0 ,0 ,851 ,0 ,0 ,0 ,0 ,0 ,1083773 ,0 ,0 ,0 ,0 ,38670 ,0 ,0 ,0 ,724 ,143939 ,0 ,0 ,0 ,0 ,0 ,0 ,12191 ,0 ,0 ,0 ,40926 ,10666 ,0 ,0 ,0 ,0 ,37803527 ,3038398 ,0 ,57094 ,575581 ,2252176 ,471459 ,0 ,0 ,49390 ,0 ,0 ,30239 ,12756 ,8986 ,0 ,12686 ,0 ,0 ,0 ,9978 ,284289 ,0 ,85019 ,0 ,0 ,0 ,0 ,2024 ,0 ,0 ,0 ,0 ,0 ,0 ,0 ,0 ,0 ,0 ,0 ,851 ,724 ,0 ,0 ,0 ,0 ,0 ,0 ,0 ,262365 ,774188 ,0 ,0 ,0 ,0 ,0 ,0 ,0 ,0 ,0 ,0 ,11041867 ,25567 ,15955 ,0 ,6647 ,0 ,0 ,0 ,71481 ,0 ,0 ,0 ,0 ,179717 ,0 ,0 ,0 ,0 ,0 ,0 ,3103 ,0 ,0 ,0 ,0 ,823 ,673226 ,0 ,0 ,0 ,1275621 ,0 ,4368 ,851 ,0 ,202357 ,0 ,0 ,0 ,0 ,147297 ,0 ,0 ,0 ,0 ,32620 ,135594 ,127101 ,82826 ,149370 ,0 ,0 ,50499 ,1471886 ,0 ,0 ,0 ,32995 ,0 ,0 ,0 ,0 ,0 ,0 ,0 ,0 ,0 ,0 ,0 ,0 ,0 ,0 ,0 ,0 ,0 ,0 ,0 ,0 ,18506 ,0 ,838905 ,8928892 ,0 ,154901 ,0 ,112359 ,0 ,0 ,0 ,0 ,0 ,0 ,188190 ,0 ,0 ,0 ,63015 ,0 ,0 ,0 ,0 ,146201 ,0 ,0 ,10980 ,0 ,0 ,0 ,0 ,0 ,480375 ,0 ,0 ,0 ,0 ,0 ,0 ,0 ,0 ,0 ,0 ,0 ,0 ,0 ,0 ,0 ,0 ,0 ,14581 ,0 ,0 ,14955150 ,0 ,0 ,2687 ,0 ,5444 ,0 ,0 ,0 ,0 ,0 ,12102 ,57184 ,0 ,0 ,0 ,0 ,0 ,0 ,0 ,225372 ,42761 ,0 ,0 ,0 ,3990 ,0 ,0 ,0 ,40168 ,14950 ,0 ,0 ,0 ,91580 ,0 ,0 ,0 ,0 ,0 ,0 ,0 ,0 ,1377 ,0 ,0 ,47302 ,0 ,0 ,0 ,0 ,107151 ,0 ,0 ,0 ,62944 ,0 ,0 ,230319 ,0 ,0 ,0 ,0 ,0 ,88087 ,0 ,0 ,0 ,0 ,0 ,0 ,82375 ,0 ,0 ,0 ,0 ,41361 ,0 ,0 ,0 ,17475 ,459610 ,633 ,0 ,0 ,0 ,14203 ,0 ,68761 ,0 ,0 ,1000 ,23461 ,0 ,0 ,0 ,0 ,0 ,2073 ,0 ,0 ,0 ,48934 ,0 
2016-12-01,0 ,0 ,0 ,0 ,0 ,0 ,0 ,0 ,0 ,0 ,0 ,0 ,25889 ,0 ,0 ,0 ,0 ,0 ,0 ,500747 ,14684 ,808 ,50459 ,0 ,0 ,0 ,0 ,111616 ,0 ,0 ,0 ,0 ,70388 ,0 ,0 ,18651 ,0 ,150085 ,0 ,0 ,0 ,0 ,0 ,0 ,0 ,0 ,20522 ,0 ,0 ,0 ,0 ,7190 ,0 ,0 ,0 ,0 ,0 ,0 ,0 ,28516020 ,0 ,0 ,0 ,0 ,52903 ,289499 ,0 ,6976 ,0 ,17793 ,0 ,0 ,45935 ,0 ,0 ,0 ,0 ,0 ,5010 ,8644 ,0 ,0 ,3380 ,0 ,0 ,1256 ,195105 ,0 ,0 ,0 ,0 ,0 ,0 ,0 ,0 ,0 ,196451 ,0 ,0 ,0 ,0 ,0 ,0 ,0 ,0 ,13115 ,0 ,0 ,0 ,0 ,54511 ,0 ,5324 ,0 ,38128 ,0 ,1485947 ,0 ,0 ,0 ,470263 ,0 ,0 ,0 ,0 ,0 ,4698 ,214485 ,0 ,0 ,0 ,7776 ,0 ,608434 ,24141 ,166782 ,0 ,0 ,0 ,0 ,0 ,0 ,0 ,0 ,33506 ,0 ,0 ,1988441 ,66293 ,0 ,0 ,0 ,0 ,0 ,9900 ,0 ,0 ,0 ,0 ,624099 ,0 ,1847 ,116066 ,3740 ,0 ,0 ,0 ,17565 ,0 ,2782 ,0 ,0 ,0 ,0 ,5332 ,0 ,0 ,0 ,568138 ,0 ,0 ,980600 ,72988 ,0 ,0 ,185783 ,836 ,0 ,0 ,0 ,0 ,0 ,0 ,0 ,0 ,0 ,0 ,0 ,0 ,0 ,0 ,0 ,0 ,0 ,102084 ,0 ,0 ,0 ,6005 ,0 ,0 ,18646 ,3847 ,2585 ,0 ,0 ,0 ,0 ,1239 ,0 ,1816 ,25800 ,0 ,0 ,0 ,0 ,0 ,0 ,0 ,0 ,0 ,0 ,185159 ,4437 ,0 ,13785 ,0 ,0 ,0 ,0 ,0 ,722503 ,0 ,0 ,0 ,138886 ,0 ,0 ,0 ,0 ,17915 ,0 ,0 ,0 ,49350 ,0 ,1416 ,0 ,0 ,0 ,9747 ,0 ,0 ,0 ,0 ,0 ,0 ,0 ,0 ,0 ,0 ,0 ,0 ,0 ,0 ,0 ,0 ,47334 ,0 ,0 ,53712 ,0 ,0 ,96280 ,0 ,0 ,80045 ,0 ,0 ,0 ,0 ,117930 ,0 ,0 ,0 ,3878 ,20405 ,0 ,0 ,0 ,0 ,0 ,0 ,0 ,0 ,20050 ,0 ,0 ,114424 ,65154 ,0 ,2653 ,0 ,0 ,0 ,0 ,0 ,3574 ,0 ,0 ,0 ,0 ,0 ,0 ,0 ,495221 ,0 ,0 ,0 ,0 ,0 ,483832 ,680012 ,0 ,0 ,0 ,0 ,1008880 ,2880794 ,1469224 ,0 ,0 ,134825 ,0 ,0 ,0 ,1095059 ,0 ,0 ,22394 ,0 ,0 ,0 ,0 ,0 ,0 ,0 ,2090 ,0 ,93665 ,0 ,0 ,7232 ,50110 ,0 ,88751 ,8383 ,13699 ,8886 ,0 ,0 ,0 ,685582 ,0 ,0 ,0 ,215831 ,0 ,371557 ,0 ,0 ,0 ,0 ,0 ,1623654 ,0 ,0 ,317992 ,0 ,66293 ,0 ,0 ,0 ,0 ,0 ,0 ,0 ,0 ,0 ,0 ,28150 ,0 ,0 ,0 ,0 ,0 ,0 ,2372071 ,0 ,0 ,424061 ,0 ,0 ,0 ,0 ,0 ,0 ,0 ,0 ,0 ,0 ,0 ,0 ,0 ,0 ,0 ,0 ,0 ,0 ,0 ,0 ,1540 ,0 ,0 ,0 ,0 ,0 ,808 ,0 ,0 ,0 ,0 ,0 ,0 ,0 ,0 ,0 ,0 ,6305808 ,0 ,0 ,0 ,0 ,66252 ,48933 ,0 ,0 ,0 ,7819 ,0 ,0 ,0 ,0 ,79586 ,0 ,301062 ,0 ,128901 ,273927 ,0 ,0 ,37532 ,0 ,0 ,406974 ,0 ,0 ,0 ,31371 ,0 ,0 ,0 ,0 ,0 ,0 ,0 ,0 ,0 ,0 ,0 ,10455 ,82860 ,0 ,0 ,512063 ,0 ,0 ,626172 ,0 ,0 ,30602 ,139296 ,0 ,0 ,0 ,554241 ,110490 ,420125 ,0 ,0 ,0 ,9365 ,1771988 ,0 ,0 ,0 ,0 ,43428 ,0 ,0 ,0 ,0 ,0 ,302541 ,0 ,0 ,12938 ,0 ,0 ,0 ,0 ,0 ,3729 ,0 ,0 ,0 ,0 ,0 ,0 ,0 ,0 ,0 ,0 ,0 ,26759 ,0 ,2207830 ,0 ,0 ,0 ,35938 ,0 ,0 ,0 ,0 ,2932 ,0 ,0 ,0 ,0 ,0 ,0 ,0 ,0 ,0 ,0 ,40748 ,0 ,0 ,0 ,0 ,0 ,0 ,46406 ,355979 ,32209 ,756 ,2078 ,3446 ,0 ,535393 ,0 ,5582 ,73992 ,0 ,0 ,1935 ,0 ,0 ,0 ,12134 ,0 ,0 ,0 ,0 ,1359252 ,0 ,0 ,99634 ,602381 ,63085 ,0 ,93908 ,0 ,0 ,0 ,0 ,0 ,19493 ,0 ,7147 ,0 ,7739 ,0 ,3491 ,0 ,0 ,9764 ,2423 ,0 ,0 ,0 ,0 ,0 ,0 ,0 ,0 ,0 ,0 ,0 ,0 ,0 ,4528263 ,0 ,0 ,858577 ,1516816 ,0 ,0 ,0 ,0 ,0 ,0 ,0 ,0 ,0 ,0 ,856718 ,52384 ,0 ,2373 ,24330 ,0 ,0 ,34873 ,0 ,0 ,0 ,0 ,0 ,0 ,0 ,0 ,213229 ,0 ,144636 ,0 ,0 ,0 ,0 ,0 ,151573 ,0 ,164439 ,0 ,7794 ,0 ,0 ,0 ,0 ,0 ,0 ,27482 ,55288 ,18133 ,0 ,99108 ,0 ,0 ,0 ,16479 ,0 ,0 ,0 ,0 ,0 ,0 ,0 ,74355 ,0 ,0 ,0 ,3572674 ,0 ,0 ,0 ,0 ,328743 ,0 ,0 ,0 ,0 ,3809 ,0 ,18090 ,7894 ,0 ,0 ,0 ,6136119 ,0 ,0 ,1162654 ,241686 ,0 ,0 ,0 ,393179 ,0 ,0 ,808 ,0 ,0 ,0 ,0 ,0 ,30087 ,4100 ,0 ,0 ,0 ,0 ,0 ,0 ,0 ,0 ,0 ,0 ,0 ,0 ,0 ,0 ,0 ,577788 ,0 ,0 ,0 ,0 ,11737 ,0 ,6679 ,0 ,0 ,0 ,0 ,637632 ,0 ,15631 ,0 ,4402 ,0 ,0 ,0 ,0 ,0 ,87388 ,0 ,0 ,0 ,0 ,0 ,0 ,0 ,0 ,0 ,0 ,0 ,0 ,0 ,0 ,632038 ,0 ,0 ,0 ,0 ,0 ,0 ,0 ,0 ,0 ,10466 ,0 ,0 ,28964 ,75114 ,0 ,488752 ,156397 ,4474 ,0 ,0 ,0 ,1801 ,0 ,0 ,0 ,0 ,0 ,1284488 ,0 ,0 ,0 ,0 ,21429 ,815 ,0 ,0 ,0 ,180559 ,0 ,0 ,0 ,0 ,0 ,0 ,15576 ,0 ,0 ,0 ,42204 ,6315 ,0 ,0 ,0 ,0 ,37810718 ,2982913 ,0 ,74984 ,632874 ,2502071 ,526367 ,0 ,0 ,63950 ,0 ,0 ,41862 ,17478 ,5349 ,0 ,10686 ,0 ,0 ,0 ,4288 ,257988 ,0 ,101749 ,0 ,0 ,0 ,0 ,1416 ,0 ,0 ,0 ,0 ,0 ,0 ,0 ,0 ,0 ,0 ,0 ,815 ,929 ,0 ,0 ,0 ,0 ,0 ,0 ,0 ,278583 ,826874 ,0 ,0 ,0 ,0 ,0 ,0 ,0 ,0 ,0 ,0 ,10789534 ,24888 ,24619 ,0 ,14045 ,0 ,0 ,0 ,75201 ,0 ,0 ,0 ,0 ,216361 ,0 ,0 ,0 ,0 ,0 ,0 ,5179 ,0 ,0 ,0 ,0 ,1186 ,616029 ,0 ,0 ,0 ,1185174 ,0 ,10893 ,815 ,0 ,235138 ,0 ,0 ,0 ,0 ,164489 ,0 ,0 ,0 ,0 ,51153 ,174249 ,165547 ,83732 ,207766 ,0 ,0 ,39122 ,1623654 ,0 ,0 ,0 ,51855 ,0 ,131818 ,0 ,0 ,6354 ,0 ,0 ,0 ,0 ,0 ,0 ,0 ,0 ,0 ,0 ,0 ,0 ,0 ,0 ,0 ,14780 ,0 ,768419 ,9071543 ,0 ,272159 ,0 ,156817 ,0 ,0 ,0 ,0 ,0 ,0 ,188372 ,0 ,0 ,0 ,35411 ,0 ,0 ,0 ,0 ,230571 ,0 ,0 ,12497 ,0 ,0 ,0 ,0 ,0 ,541875 ,0 ,0 ,0 ,0 ,0 ,0 ,0 ,0 ,0 ,0 ,0 ,0 ,0 ,0 ,0 ,0 ,0 ,9254 ,0 ,0 ,15380643 ,0 ,0 ,3889 ,0 ,0 ,0 ,0 ,0 ,0 ,0 ,10647 ,52837 ,0 ,0 ,0 ,0 ,0 ,0 ,0 ,253013 ,32121 ,0 ,0 ,0 ,9276 ,0 ,0 ,0 ,34685 ,8321 ,0 ,0 ,0 ,181949 ,0 ,0 ,0 ,0 ,0 ,0 ,0 ,0 ,4064 ,0 ,0 ,46582 ,0 ,0 ,0 ,0 ,114763 ,0 ,0 ,0 ,58279 ,0 ,0 ,292472 ,0 ,0 ,0 ,0 ,0 ,87344 ,0 ,0 ,0 ,0 ,0 ,0 ,91404 ,0 ,0 ,0 ,0 ,55513 ,0 ,0 ,0 ,10219 ,470478 ,1855 ,0 ,0 ,0 ,13088 ,0 ,67067 ,0 ,0 ,1292 ,21544 ,0 ,0 ,0 ,0 ,0 ,3291 ,0 ,0 ,0 ,53699 ,0 
2017-01-01,0 ,0 ,0 ,0 ,0 ,0 ,0 ,0 ,0 ,0 ,0 ,0 ,20874 ,0 ,0 ,0 ,0 ,0 ,0 ,599758 ,17674 ,0 ,57102 ,0 ,0 ,0 ,0 ,108488 ,0 ,0 ,0 ,0 ,80803 ,0 ,0 ,18323 ,0 ,180036 ,0 ,0 ,0 ,0 ,0 ,0 ,0 ,0 ,36735 ,0 ,0 ,0 ,0 ,345405 ,0 ,0 ,0 ,0 ,0 ,0 ,0 ,41985619 ,0 ,0 ,0 ,0 ,53697 ,212230 ,0 ,10655 ,0 ,14580 ,0 ,0 ,124035 ,0 ,0 ,0 ,0 ,0 ,10568 ,12655 ,0 ,0 ,9870 ,0 ,0 ,7883 ,384963 ,10897 ,0 ,0 ,0 ,0 ,0 ,0 ,0 ,0 ,199264 ,0 ,0 ,0 ,0 ,0 ,0 ,0 ,0 ,7189 ,0 ,0 ,0 ,0 ,133229 ,0 ,8922 ,0 ,41297 ,0 ,707880 ,0 ,0 ,0 ,380590 ,0 ,0 ,0 ,0 ,0 ,6871 ,232242 ,0 ,0 ,0 ,10442 ,0 ,707919 ,4280 ,168009 ,1107 ,0 ,0 ,0 ,0 ,0 ,0 ,0 ,45726 ,0 ,0 ,2040260 ,49999 ,0 ,0 ,0 ,0 ,0 ,18630 ,0 ,0 ,0 ,0 ,641256 ,0 ,1619 ,166806 ,1354 ,0 ,0 ,0 ,30436 ,0 ,3034 ,0 ,0 ,0 ,0 ,9896 ,0 ,0 ,0 ,564269 ,0 ,0 ,1961053 ,83595 ,0 ,0 ,156387 ,2899 ,0 ,0 ,0 ,0 ,0 ,0 ,0 ,0 ,0 ,0 ,0 ,0 ,0 ,0 ,0 ,0 ,0 ,258212 ,0 ,0 ,0 ,16801 ,0 ,0 ,8048 ,1654 ,23077 ,0 ,0 ,0 ,0 ,4628 ,0 ,2187 ,73163 ,0 ,0 ,0 ,0 ,0 ,0 ,0 ,0 ,0 ,0 ,192682 ,9842 ,0 ,53246 ,0 ,0 ,0 ,0 ,0 ,750533 ,0 ,0 ,0 ,236385 ,0 ,0 ,0 ,0 ,8353 ,0 ,0 ,0 ,51384 ,0 ,57286 ,0 ,0 ,0 ,23261 ,0 ,0 ,0 ,0 ,0 ,0 ,0 ,0 ,0 ,0 ,0 ,0 ,0 ,0 ,0 ,3001 ,39715 ,0 ,0 ,49489 ,0 ,0 ,102490 ,0 ,0 ,87123 ,0 ,0 ,0 ,0 ,283368 ,0 ,0 ,0 ,9368 ,12474 ,0 ,0 ,0 ,0 ,0 ,0 ,0 ,0 ,11355 ,0 ,0 ,119263 ,49305 ,0 ,30769 ,0 ,0 ,0 ,0 ,0 ,3110 ,0 ,0 ,0 ,0 ,0 ,0 ,0 ,501787 ,0 ,0 ,0 ,0 ,0 ,527289 ,660505 ,0 ,0 ,0 ,0 ,1209031 ,2780901 ,1399659 ,0 ,0 ,162583 ,0 ,0 ,0 ,1429155 ,0 ,0 ,18044 ,0 ,0 ,0 ,0 ,0 ,0 ,0 ,0 ,0 ,60064 ,0 ,0 ,7279 ,49059 ,0 ,282998 ,5260 ,9337 ,9188 ,0 ,0 ,0 ,722047 ,0 ,0 ,0 ,239360 ,0 ,285784 ,0 ,0 ,0 ,0 ,0 ,1882884 ,0 ,0 ,378773 ,0 ,49999 ,0 ,0 ,0 ,0 ,0 ,0 ,0 ,0 ,0 ,0 ,57827 ,0 ,0 ,0 ,0 ,0 ,0 ,2566695 ,0 ,853 ,441996 ,0 ,0 ,0 ,0 ,0 ,0 ,0 ,0 ,0 ,0 ,0 ,0 ,0 ,0 ,0 ,0 ,0 ,0 ,0 ,0 ,12558 ,0 ,0 ,1721 ,0 ,0 ,2052 ,0 ,0 ,0 ,0 ,0 ,0 ,0 ,0 ,0 ,0 ,6736231 ,0 ,0 ,0 ,0 ,40457 ,48334 ,0 ,0 ,0 ,26144 ,0 ,0 ,0 ,0 ,75760 ,0 ,342195 ,0 ,261800 ,301733 ,0 ,0 ,73657 ,0 ,0 ,564835 ,0 ,0 ,0 ,17616 ,0 ,0 ,0 ,0 ,0 ,0 ,0 ,0 ,0 ,0 ,0 ,8858 ,108773 ,0 ,0 ,479559 ,0 ,0 ,394530 ,0 ,0 ,39346 ,113385 ,0 ,0 ,0 ,536902 ,83468 ,454734 ,0 ,0 ,0 ,4857 ,1723510 ,0 ,0 ,0 ,0 ,90833 ,0 ,0 ,0 ,0 ,0 ,317716 ,0 ,0 ,6337 ,0 ,0 ,0 ,0 ,0 ,5805 ,0 ,0 ,0 ,0 ,0 ,0 ,0 ,0 ,0 ,0 ,0 ,32983 ,0 ,2588026 ,0 ,0 ,0 ,23243 ,0 ,0 ,0 ,0 ,0 ,0 ,0 ,1476 ,0 ,0 ,0 ,0 ,0 ,0 ,0 ,14833 ,0 ,0 ,0 ,0 ,0 ,0 ,31778 ,367373 ,34622 ,25704 ,24701 ,33792 ,0 ,579402 ,0 ,9601 ,48231 ,0 ,0 ,4935 ,0 ,0 ,0 ,13274 ,0 ,0 ,0 ,0 ,1264590 ,0 ,0 ,89547 ,747486 ,92272 ,0 ,93596 ,0 ,2912 ,0 ,0 ,0 ,10991 ,0 ,6521 ,0 ,11248 ,0 ,4575 ,0 ,0 ,10749 ,8396 ,0 ,0 ,0 ,0 ,0 ,0 ,0 ,0 ,0 ,0 ,0 ,0 ,0 ,4296377 ,0 ,0 ,876356 ,1262159 ,0 ,0 ,0 ,0 ,0 ,0 ,0 ,0 ,0 ,0 ,909249 ,37937 ,0 ,3117 ,19425 ,0 ,0 ,53781 ,0 ,0 ,0 ,0 ,0 ,0 ,0 ,0 ,211795 ,0 ,178199 ,0 ,0 ,0 ,0 ,0 ,114398 ,0 ,8112480 ,0 ,131472 ,0 ,0 ,0 ,0 ,0 ,0 ,64664 ,51478 ,14660 ,0 ,139668 ,0 ,0 ,0 ,10536 ,0 ,0 ,0 ,0 ,0 ,0 ,0 ,92772 ,0 ,0 ,0 ,3492308 ,0 ,0 ,0 ,0 ,419224 ,0 ,0 ,0 ,0 ,41316 ,0 ,21758 ,4612 ,0 ,0 ,0 ,6798370 ,0 ,0 ,5309456 ,202256 ,0 ,0 ,0 ,385342 ,0 ,0 ,972 ,0 ,0 ,0 ,0 ,0 ,20373 ,12127 ,0 ,0 ,0 ,0 ,0 ,0 ,0 ,0 ,0 ,0 ,0 ,0 ,0 ,0 ,0 ,685590 ,0 ,0 ,0 ,0 ,8055 ,0 ,8347 ,0 ,0 ,0 ,0 ,749351 ,0 ,14429 ,0 ,11205 ,0 ,0 ,0 ,0 ,0 ,387752 ,0 ,0 ,0 ,0 ,0 ,0 ,0 ,0 ,0 ,0 ,0 ,0 ,0 ,0 ,675180 ,0 ,0 ,0 ,0 ,0 ,0 ,0 ,0 ,0 ,30784 ,0 ,0 ,41500 ,81037 ,0 ,352102 ,79412 ,2621 ,0 ,0 ,0 ,12967 ,0 ,0 ,0 ,0 ,0 ,1477398 ,0 ,0 ,0 ,0 ,42830 ,6043 ,0 ,0 ,0 ,159089 ,0 ,0 ,0 ,0 ,0 ,0 ,7964 ,0 ,0 ,0 ,36947 ,14632 ,0 ,972 ,0 ,0 ,37750977 ,2912392 ,0 ,73993 ,639967 ,3090473 ,442933 ,0 ,0 ,92581 ,0 ,0 ,42617 ,15809 ,7513 ,0 ,14992 ,0 ,0 ,0 ,35690 ,238266 ,0 ,89096 ,0 ,0 ,0 ,0 ,1480 ,0 ,0 ,0 ,0 ,0 ,0 ,0 ,0 ,0 ,0 ,0 ,853 ,0 ,0 ,0 ,0 ,0 ,0 ,0 ,0 ,255342 ,790489 ,0 ,0 ,0 ,0 ,0 ,0 ,0 ,0 ,0 ,0 ,11143781 ,56982 ,24528 ,0 ,18963 ,0 ,0 ,0 ,100202 ,0 ,0 ,0 ,0 ,234498 ,0 ,0 ,0 ,0 ,0 ,0 ,93419 ,0 ,0 ,0 ,0 ,246 ,382353 ,0 ,0 ,0 ,1142448 ,0 ,12627 ,1088 ,0 ,222520 ,0 ,0 ,0 ,0 ,135983 ,0 ,0 ,0 ,0 ,104934 ,167971 ,196171 ,174448 ,233906 ,0 ,0 ,83599 ,1858919 ,0 ,0 ,0 ,55176 ,0 ,406566 ,0 ,0 ,10653 ,0 ,0 ,0 ,0 ,0 ,0 ,0 ,0 ,0 ,0 ,0 ,0 ,0 ,0 ,0 ,15461 ,0 ,874539 ,8530421 ,0 ,1604696 ,0 ,253267 ,0 ,0 ,0 ,0 ,0 ,0 ,209374 ,0 ,0 ,0 ,119960 ,0 ,0 ,0 ,0 ,181352 ,0 ,0 ,11167 ,0 ,0 ,0 ,0 ,0 ,915017 ,0 ,0 ,0 ,0 ,0 ,0 ,0 ,0 ,0 ,0 ,0 ,0 ,0 ,0 ,0 ,0 ,0 ,12882 ,12086 ,0 ,315403894 ,0 ,0 ,1480 ,0 ,0 ,0 ,0 ,0 ,0 ,0 ,7942 ,63015 ,0 ,0 ,0 ,0 ,0 ,0 ,0 ,248553 ,34249 ,0 ,0 ,0 ,15721 ,0 ,0 ,0 ,26992 ,2982 ,0 ,0 ,0 ,133442 ,0 ,972 ,0 ,0 ,0 ,0 ,0 ,0 ,168512 ,0 ,1824 ,28741 ,0 ,0 ,0 ,0 ,146809 ,0 ,0 ,0 ,64517 ,0 ,0 ,390749 ,0 ,0 ,0 ,0 ,0 ,93058 ,0 ,0 ,0 ,0 ,0 ,0 ,104470 ,0 ,0 ,0 ,0 ,68479 ,0 ,0 ,0 ,13283 ,523964 ,1107 ,0 ,0 ,0 ,78889 ,0 ,95019 ,0 ,1713 ,1592 ,17072 ,0 ,0 ,0 ,0 ,20660 ,1460 ,1480 ,0 ,0 ,45038 ,0 
2017-02-01,13141 ,11908 ,0 ,433 ,552 ,0 ,0 ,0 ,81 ,0 ,0 ,0 ,15858 ,0 ,0 ,0 ,0 ,0 ,0 ,575965 ,11448 ,0 ,45474 ,0 ,7464 ,0 ,4040 ,114593 ,0 ,2408 ,0 ,0 ,95404 ,0 ,0 ,38926 ,0 ,153201 ,0 ,0 ,1688 ,6698 ,0 ,0 ,0 ,5319 ,24491 ,0 ,0 ,0 ,0 ,332984 ,0 ,0 ,28649 ,0 ,4910 ,0 ,597 ,41362687 ,0 ,0 ,205 ,0 ,26242 ,164111 ,0 ,9540 ,0 ,6800 ,0 ,0 ,119779 ,0 ,0 ,3222 ,1195 ,0 ,12560 ,9253 ,0 ,0 ,12856 ,0 ,0 ,1854 ,333347 ,7928 ,1609 ,0 ,0 ,2770 ,2755 ,0 ,0 ,7785 ,237349 ,332058 ,0 ,2054 ,0 ,0 ,0 ,2937 ,0 ,36343 ,0 ,85251 ,0 ,0 ,119633 ,0 ,8059 ,0 ,38991 ,9138 ,483378 ,6644 ,93822 ,0 ,327910 ,0 ,9657 ,0 ,2188 ,837 ,2352 ,151680 ,656 ,0 ,0 ,6356 ,8137 ,307001 ,0 ,72068 ,6886 ,0 ,0 ,0 ,0 ,0 ,29255 ,1207 ,36252 ,3534 ,720 ,2041574 ,56383 ,0 ,0 ,0 ,0 ,0 ,13101 ,0 ,0 ,0 ,0 ,628356 ,616 ,0 ,135227 ,0 ,0 ,0 ,0 ,16766 ,0 ,3519 ,1098 ,0 ,0 ,0 ,5794 ,0 ,0 ,7545 ,532039 ,0 ,0 ,1958282 ,86162 ,5594 ,0 ,117761 ,4032 ,0 ,29652 ,142 ,0 ,4409 ,0 ,49 ,1821 ,0 ,0 ,0 ,1314 ,0 ,533 ,4770 ,0 ,0 ,152599 ,11917 ,0 ,0 ,11558 ,0 ,0 ,6753 ,0 ,16950 ,1761 ,0 ,158 ,0 ,4318 ,19668 ,13779 ,68712 ,0 ,147553 ,85808 ,552 ,0 ,0 ,0 ,0 ,0 ,0 ,216027 ,12332 ,0 ,58061 ,11713 ,1804 ,16034 ,60464 ,62147 ,363878 ,205 ,0 ,0 ,236132 ,3492 ,0 ,3453 ,0 ,7421 ,6937 ,1678 ,0 ,35757 ,0 ,38841 ,0 ,0 ,0 ,23378 ,0 ,0 ,3810 ,0 ,243 ,4097 ,0 ,88535 ,0 ,7150 ,0 ,0 ,2832 ,79 ,6133 ,1026 ,20989 ,1021 ,0 ,35312 ,0 ,1494 ,108147 ,1258 ,0 ,64892 ,724 ,247587 ,0 ,0 ,254508 ,0 ,0 ,0 ,8650 ,14668 ,2735 ,0 ,3605 ,0 ,0 ,16205 ,1670 ,216712 ,12998 ,0 ,205 ,100018 ,38183 ,0 ,23680 ,0 ,0 ,8879 ,0 ,0 ,769 ,0 ,722 ,0 ,0 ,72 ,76 ,239 ,213550 ,1688 ,0 ,0 ,1688 ,6610 ,331623 ,616992 ,5309 ,0 ,23377 ,55161 ,1204501 ,2693787 ,789191 ,1551 ,0 ,178928 ,171 ,0 ,5637 ,1449194 ,180 ,6978 ,18065 ,0 ,73909 ,1202 ,0 ,13941 ,0 ,160535 ,0 ,0 ,57531 ,71 ,225 ,1423 ,35963 ,19453 ,267333 ,7181 ,8707 ,14121 ,2578 ,0 ,0 ,660235 ,0 ,408 ,0 ,210899 ,0 ,339795 ,0 ,0 ,8794 ,0 ,0 ,1772652 ,0 ,0 ,332602 ,3037 ,28278 ,40883 ,0 ,0 ,0 ,0 ,11048 ,904 ,0 ,0 ,0 ,49444 ,0 ,0 ,0 ,0 ,0 ,35863 ,2518770 ,0 ,946 ,440815 ,442 ,0 ,2016 ,0 ,0 ,0 ,0 ,0 ,0 ,0 ,943 ,21518 ,3319 ,0 ,0 ,0 ,1109 ,0 ,0 ,0 ,5684 ,0 ,4374 ,1436 ,0 ,0 ,1026 ,5770 ,0 ,0 ,0 ,0 ,0 ,0 ,41041 ,0 ,0 ,6407129 ,0 ,0 ,1584 ,0 ,66886 ,26350 ,1873 ,0 ,0 ,9918 ,0 ,0 ,0 ,1255 ,32116 ,0 ,306002 ,0 ,341643 ,270675 ,1995 ,23157 ,24009 ,0 ,0 ,288651 ,2387 ,1476 ,0 ,14698 ,0 ,9474 ,6747 ,0 ,3774 ,0 ,323 ,0 ,4091 ,0 ,0 ,2573 ,73152 ,0 ,0 ,434629 ,2921 ,2008 ,294592 ,1109 ,4088 ,36984 ,88361 ,0 ,0 ,248950 ,535833 ,129073 ,463754 ,0 ,0 ,23181 ,4221 ,1713072 ,0 ,341 ,3923 ,0 ,50521 ,0 ,0 ,81400 ,70260 ,0 ,279951 ,0 ,101 ,12631 ,0 ,0 ,766 ,51895 ,0 ,0 ,2035 ,0 ,317 ,1464 ,0 ,0 ,6074 ,2563 ,2563 ,0 ,0 ,28811 ,0 ,2235025 ,0 ,16364 ,0 ,39762 ,0 ,95608 ,6748 ,0 ,0 ,79971 ,0 ,2574 ,3066 ,3066 ,2913 ,0 ,0 ,0 ,0 ,59095 ,0 ,0 ,2868 ,96795 ,0 ,0 ,31947 ,286085 ,20615 ,24809 ,11819 ,30188 ,40932 ,626086 ,0 ,10387 ,49302 ,0 ,0 ,4993 ,582 ,952 ,0 ,7791 ,0 ,4788 ,22700 ,0 ,1324101 ,0 ,794 ,76935 ,682647 ,61698 ,0 ,93358 ,0 ,2624 ,3792 ,0 ,5175 ,5663 ,0 ,4982 ,0 ,8962 ,119156 ,4719 ,0 ,0 ,13208 ,19984 ,809 ,15050 ,7571 ,0 ,1634 ,0 ,0 ,0 ,0 ,0 ,0 ,0 ,0 ,2114239 ,0 ,0 ,800091 ,1336450 ,0 ,159545 ,0 ,0 ,0 ,0 ,8381 ,5478 ,41840 ,5499 ,315013 ,40816 ,2924 ,7749 ,16097 ,0 ,0 ,35380 ,0 ,5377163 ,0 ,0 ,0 ,820 ,0 ,0 ,177433 ,0 ,162256 ,0 ,0 ,46598 ,2324 ,0 ,114370 ,5215 ,6418484 ,0 ,118436 ,1391 ,603 ,687 ,0 ,0 ,0 ,38468 ,29603 ,17094 ,0 ,163177 ,1536 ,17649 ,0 ,5013 ,473 ,96 ,0 ,0 ,15312 ,15312 ,8788193 ,80739 ,3561 ,5216 ,423633 ,1746666 ,2797 ,0 ,0 ,8385 ,492505 ,229 ,44638 ,0 ,9832 ,43879 ,0 ,14573 ,2308 ,0 ,479 ,0 ,6641252 ,0 ,43490 ,5611677 ,258018 ,38404 ,2101 ,0 ,348890 ,0 ,0 ,1026 ,0 ,0 ,0 ,1060 ,0 ,3003 ,6111 ,2797 ,0 ,5541 ,0 ,4065 ,0 ,1086 ,5701 ,0 ,0 ,0 ,0 ,0 ,270038 ,0 ,608140 ,6528 ,0 ,181818068 ,0 ,8668 ,1385 ,6200 ,150401 ,0 ,0 ,4005 ,528214 ,3935 ,9443 ,1755 ,9274 ,0 ,0 ,0 ,0 ,1952 ,399249 ,4523 ,48889 ,0 ,49 ,0 ,0 ,0 ,0 ,0 ,0 ,3362 ,1630 ,0 ,0 ,674054 ,2722 ,35280 ,1720 ,0 ,0 ,0 ,3139 ,0 ,0 ,13069 ,33996 ,6160 ,31339 ,65132 ,0 ,352962 ,65930 ,0 ,0 ,0 ,0 ,9601 ,98101 ,0 ,0 ,0 ,0 ,1770138 ,3863 ,0 ,1258 ,0 ,44138 ,2933 ,4535 ,0 ,0 ,153061 ,0 ,0 ,0 ,0 ,497 ,14483 ,10861 ,0 ,0 ,11706 ,31701 ,10476 ,0 ,111 ,15187 ,0 ,37682275 ,2734530 ,0 ,56117 ,652094 ,2770539 ,246791 ,0 ,205 ,77053 ,17890 ,0 ,32115 ,18559 ,4871 ,0 ,3919 ,0 ,0 ,0 ,58797 ,276196 ,0 ,149538 ,0 ,0 ,1688 ,0 ,4881 ,0 ,0 ,0 ,62150 ,0 ,6467 ,0 ,0 ,3773 ,797 ,191 ,89829 ,5086 ,29263 ,1342 ,14389 ,7752 ,29970 ,0 ,0 ,261574 ,748305 ,0 ,15258 ,0 ,0 ,0 ,0 ,225 ,0 ,63645 ,0 ,10551297 ,43705 ,33255 ,0 ,55889 ,9447 ,0 ,3698 ,131873 ,0 ,0 ,0 ,0 ,242852 ,0 ,0 ,0 ,3123 ,57590 ,0 ,80848 ,0 ,10728 ,0 ,0 ,4000 ,439885 ,10368 ,0 ,9169 ,1192257 ,0 ,7312 ,946 ,6232 ,202555 ,0 ,0 ,0 ,0 ,110264 ,215589 ,6081 ,0 ,0 ,122824 ,157262 ,233491 ,169259 ,203616 ,4001 ,0 ,103525 ,1741834 ,0 ,0 ,1449 ,43949 ,0 ,443017 ,33689 ,3810 ,6276 ,0 ,0 ,397 ,1331 ,68259 ,3519 ,2471 ,0 ,3100 ,0 ,361 ,0 ,9871 ,0 ,16137 ,14072 ,6779 ,939876 ,8089172 ,0 ,1222032 ,4130 ,177057 ,1388 ,0 ,0 ,0 ,0 ,0 ,254517 ,0 ,0 ,0 ,88402 ,16799 ,58376 ,311 ,0 ,143235 ,0 ,0 ,3291 ,4648 ,0 ,0 ,0 ,1627 ,874444 ,0 ,0 ,0 ,0 ,1670 ,1338 ,0 ,0 ,0 ,13903 ,0 ,3412 ,0 ,0 ,0 ,0 ,1370 ,15024 ,4401 ,73754 ,299166609 ,0 ,0 ,4921 ,0 ,2550 ,0 ,4922 ,789 ,254419 ,25314 ,9382 ,64646 ,0 ,36140 ,0 ,0 ,0 ,0 ,0 ,234388 ,21845 ,1685 ,5937 ,0 ,10713 ,0 ,0 ,0 ,38091 ,2844 ,0 ,344 ,0 ,199340 ,0 ,1407 ,4030 ,35226 ,8669 ,0 ,0 ,0 ,130343 ,0 ,148 ,28322 ,0 ,0 ,0 ,0 ,134080 ,108 ,0 ,771276 ,71644 ,0 ,0 ,402998 ,0 ,0 ,0 ,2706 ,0 ,45404 ,0 ,0 ,2065 ,477 ,0 ,0 ,106571 ,0 ,2045 ,6993 ,0 ,46161 ,1289 ,158 ,0 ,4370 ,558277 ,3951 ,0 ,0 ,6560 ,56771 ,0 ,100587 ,801 ,2843 ,7042 ,11766 ,0 ,93 ,0 ,0 ,15860 ,2962 ,3709 ,0 ,0 ,51524 ,749 
2017-03-01,12472 ,12568 ,0 ,897 ,2818 ,0 ,0 ,0 ,0 ,2444 ,0 ,0 ,18046 ,0 ,0 ,0 ,0 ,0 ,0 ,632022 ,19234 ,0 ,46886 ,0 ,5085 ,1075 ,3158 ,108257 ,217 ,271 ,0 ,0 ,96463 ,0 ,0 ,19140 ,0 ,151533 ,0 ,0 ,541 ,1877 ,0 ,0 ,0 ,7277 ,28090 ,0 ,0 ,0 ,0 ,333412 ,0 ,0 ,356835 ,0 ,5172 ,0 ,2363 ,40295219 ,0 ,0 ,644 ,0 ,18695 ,146403 ,0 ,2250 ,0 ,3155 ,0 ,0 ,148144 ,0 ,0 ,3931 ,1822 ,0 ,18579 ,9124 ,0 ,0 ,8190 ,0 ,0 ,1346 ,308586 ,12033 ,969 ,0 ,0 ,1465 ,558 ,0 ,0 ,27544 ,273444 ,387073 ,529 ,1728 ,0 ,0 ,0 ,1362 ,0 ,23717 ,0 ,89223 ,0 ,0 ,125878 ,0 ,5779 ,0 ,49136 ,11892 ,395495 ,4502 ,83224 ,0 ,247925 ,0 ,7556 ,0 ,3422 ,0 ,13475 ,268956 ,1926 ,0 ,0 ,9995 ,5912 ,343085 ,0 ,61391 ,13052 ,0 ,0 ,0 ,0 ,0 ,43465 ,0 ,37442 ,2950 ,3089 ,1970140 ,78530 ,0 ,0 ,0 ,0 ,0 ,6267 ,0 ,0 ,0 ,0 ,604661 ,0 ,644 ,141825 ,0 ,0 ,0 ,0 ,13275 ,0 ,1863 ,5571 ,0 ,0 ,0 ,9048 ,897 ,0 ,7173 ,594733 ,0 ,0 ,1712677 ,84109 ,8035 ,164 ,119246 ,6105 ,0 ,22533 ,74 ,0 ,7032 ,0 ,0 ,2340 ,0 ,0 ,0 ,0 ,0 ,89 ,3051 ,0 ,104 ,168663 ,20003 ,0 ,0 ,34395 ,0 ,0 ,8955 ,0 ,21384 ,2903 ,0 ,1157 ,0 ,5496 ,164 ,8068 ,99519 ,0 ,134255 ,63301 ,2272 ,0 ,0 ,0 ,0 ,0 ,0 ,205758 ,8547 ,0 ,46180 ,4917 ,116 ,13536 ,57466 ,86388 ,380520 ,1157 ,0 ,0 ,208944 ,3773 ,0 ,710 ,0 ,8364 ,1840 ,634 ,0 ,49203 ,0 ,63561 ,0 ,0 ,0 ,19982 ,0 ,0 ,6214 ,0 ,164 ,6248 ,0 ,74458 ,132 ,4669 ,0 ,0 ,7801 ,6972 ,4698 ,3091 ,25947 ,2267 ,0 ,33898 ,0 ,177 ,116749 ,2810 ,0 ,44996 ,1153 ,277454 ,0 ,0 ,254480 ,0 ,0 ,0 ,14437 ,25149 ,1852 ,506 ,3110 ,0 ,0 ,13577 ,2878 ,300607 ,13991 ,0 ,118 ,92202 ,38788 ,788 ,26418 ,0 ,0 ,6578 ,0 ,0 ,1497 ,0 ,1027 ,1831 ,0 ,465 ,356 ,176 ,356840 ,113 ,0 ,0 ,1440 ,5564 ,318074 ,801665 ,3738 ,0 ,12956 ,31644 ,1141439 ,2982932 ,797909 ,964 ,0 ,192564 ,0 ,0 ,2347 ,1458384 ,3156 ,11360 ,13440 ,0 ,79684 ,1651 ,0 ,30102 ,0 ,191139 ,0 ,164 ,49722 ,784 ,1653 ,5043 ,52967 ,27737 ,282394 ,1537 ,11558 ,20866 ,3285 ,2070 ,0 ,629230 ,0 ,2527 ,0 ,178683 ,0 ,446825 ,0 ,0 ,2625 ,0 ,0 ,1914923 ,0 ,0 ,210181 ,1781 ,39499 ,39225 ,0 ,0 ,0 ,0 ,18393 ,5041 ,0 ,0 ,0 ,58766 ,0 ,0 ,0 ,0 ,0 ,46383 ,2629232 ,0 ,1058 ,520875 ,551 ,0 ,2237 ,0 ,0 ,0 ,0 ,693 ,0 ,0 ,120 ,13165 ,2228 ,603 ,0 ,0 ,151 ,0 ,0 ,0 ,4162 ,0 ,3880 ,4343 ,0 ,0 ,2973 ,0 ,0 ,0 ,1482 ,0 ,0 ,0 ,39233 ,0 ,14074 ,5832875 ,0 ,0 ,2157 ,0 ,94784 ,29992 ,589 ,0 ,0 ,18410 ,0 ,474 ,0 ,4091 ,35022 ,0 ,296604 ,0 ,395895 ,296744 ,7002 ,25349 ,22243 ,0 ,0 ,262297 ,4815 ,2922 ,0 ,26034 ,0 ,12702 ,991 ,0 ,1758 ,0 ,504 ,112 ,6299 ,0 ,0 ,3421 ,80823 ,0 ,0 ,386217 ,3982 ,4280 ,210068 ,0 ,5521 ,70402 ,92143 ,0 ,0 ,288978 ,589281 ,190905 ,453444 ,0 ,0 ,2384 ,8191 ,1673302 ,0 ,0 ,1043 ,0 ,57140 ,967 ,0 ,148798 ,64422 ,0 ,435737 ,0 ,545 ,12119 ,0 ,0 ,1100 ,75015 ,0 ,0 ,1594 ,0 ,2486 ,2705 ,0 ,0 ,10001 ,2849 ,2849 ,0 ,0 ,28061 ,0 ,2170553 ,0 ,15305 ,0 ,38974 ,0 ,97216 ,4729 ,0 ,0 ,66594 ,0 ,0 ,1121 ,1121 ,2463 ,0 ,0 ,0 ,0 ,45994 ,0 ,0 ,3920 ,124212 ,0 ,0 ,79048 ,291043 ,13960 ,19429 ,9154 ,46377 ,32916 ,593480 ,0 ,11702 ,89751 ,0 ,0 ,4290 ,2129 ,454 ,0 ,8389 ,0 ,3360 ,16123 ,0 ,1331906 ,0 ,931 ,95617 ,794682 ,59924 ,0 ,90421 ,0 ,763 ,5325 ,0 ,2683 ,11695 ,0 ,1728 ,0 ,6969 ,94306 ,5833 ,0 ,0 ,10581 ,23536 ,0 ,11763 ,16424 ,0 ,1468 ,0 ,0 ,0 ,0 ,0 ,0 ,0 ,0 ,2139668 ,2338 ,0 ,801618 ,1716969 ,0 ,74995 ,0 ,0 ,0 ,0 ,3841 ,4392 ,34530 ,3035 ,279437 ,31810 ,1992 ,4210 ,17461 ,0 ,0 ,31843 ,0 ,6859596 ,0 ,0 ,0 ,190 ,0 ,0 ,174228 ,0 ,160634 ,0 ,0 ,42037 ,5413 ,662 ,105117 ,1144 ,7611720 ,0 ,130779 ,2418 ,4433 ,1142 ,0 ,0 ,0 ,45149 ,47314 ,20377 ,0 ,161767 ,214 ,17506 ,0 ,16883 ,0 ,716 ,0 ,0 ,11757 ,11757 ,9217716 ,82618 ,4570 ,1205 ,402706 ,1820295 ,4681 ,0 ,0 ,4181 ,558986 ,2192 ,39209 ,0 ,10466 ,45596 ,0 ,10862 ,1628 ,0 ,147 ,0 ,7254553 ,0 ,30555 ,4466783 ,222818 ,43830 ,179 ,0 ,317384 ,0 ,6163 ,0 ,0 ,0 ,0 ,617 ,0 ,36825 ,5753 ,2955 ,0 ,4424 ,0 ,5392 ,0 ,2429 ,6071 ,0 ,0 ,0 ,0 ,0 ,355370 ,0 ,675110 ,1157 ,0 ,180859664 ,0 ,4629 ,392 ,13869 ,149762 ,0 ,0 ,2289 ,559073 ,5631 ,13108 ,2958 ,10961 ,0 ,0 ,0 ,0 ,4976 ,402012 ,12251 ,50963 ,0 ,0 ,0 ,0 ,0 ,0 ,0 ,0 ,2598 ,2652 ,0 ,0 ,1035058 ,6262 ,42529 ,2563 ,0 ,0 ,0 ,4913 ,0 ,0 ,19057 ,27839 ,7895 ,49650 ,69201 ,0 ,420592 ,33852 ,0 ,0 ,0 ,0 ,12883 ,68251 ,0 ,0 ,0 ,0 ,1739439 ,5753 ,0 ,258 ,0 ,52805 ,15229 ,3613 ,0 ,0 ,141907 ,0 ,0 ,0 ,0 ,1435 ,5430 ,12434 ,0 ,908 ,10630 ,59232 ,6361 ,3611 ,0 ,2912 ,0 ,37530198 ,2980761 ,0 ,72670 ,696670 ,2773943 ,261906 ,0 ,644 ,80468 ,12770 ,0 ,33337 ,20418 ,4722 ,0 ,2402 ,0 ,0 ,0 ,70388 ,266970 ,0 ,98755 ,0 ,0 ,1409 ,0 ,4653 ,0 ,0 ,0 ,74157 ,0 ,4830 ,0 ,0 ,5129 ,0 ,898 ,101816 ,5628 ,44583 ,0 ,33290 ,8355 ,29909 ,0 ,0 ,273425 ,785059 ,0 ,14376 ,0 ,0 ,0 ,0 ,1569 ,0 ,74528 ,0 ,10412368 ,33550 ,28694 ,0 ,66206 ,13907 ,763 ,5911 ,153256 ,0 ,0 ,0 ,0 ,228849 ,0 ,0 ,0 ,7094 ,40112 ,0 ,85508 ,0 ,13308 ,0 ,0 ,16190 ,843954 ,11560 ,0 ,14741 ,1342153 ,0 ,18373 ,1058 ,4998 ,205509 ,0 ,0 ,0 ,0 ,135964 ,206173 ,10571 ,0 ,0 ,67770 ,154621 ,237300 ,110626 ,181642 ,4520 ,0 ,80747 ,1881119 ,0 ,123 ,1367 ,45633 ,0 ,400711 ,21522 ,17997 ,4759 ,15377 ,0 ,897 ,2168 ,99698 ,3609 ,5494 ,0 ,3210 ,0 ,1113 ,0 ,9674 ,0 ,63995 ,23985 ,4437 ,1106085 ,8529845 ,0 ,1158680 ,2002 ,142512 ,326 ,0 ,0 ,0 ,0 ,0 ,276816 ,0 ,0 ,0 ,61158 ,1534 ,71582 ,98 ,0 ,177141 ,0 ,0 ,12587 ,2253 ,0 ,0 ,0 ,4821 ,899293 ,0 ,0 ,0 ,0 ,2878 ,3252 ,0 ,0 ,0 ,12266 ,0 ,3774 ,0 ,0 ,0 ,0 ,1616 ,9730 ,1336 ,70938 ,377747270 ,0 ,0 ,0 ,0 ,2080 ,0 ,4002 ,2192 ,217509 ,25471 ,6913 ,59692 ,0 ,38811 ,0 ,0 ,0 ,0 ,0 ,254007 ,23798 ,544 ,7884 ,0 ,20184 ,0 ,0 ,0 ,70780 ,3153 ,0 ,86 ,0 ,183171 ,0 ,5194 ,1485 ,34789 ,6939 ,0 ,0 ,0 ,144461 ,0 ,146 ,45996 ,0 ,0 ,0 ,1447 ,143398 ,132 ,0 ,327493 ,64839 ,0 ,0 ,325055 ,0 ,0 ,0 ,1006 ,0 ,56930 ,0 ,0 ,2627 ,957 ,0 ,0 ,93842 ,0 ,2755 ,8596 ,0 ,39652 ,1085 ,794 ,0 ,8852 ,510427 ,0 ,0 ,0 ,10109 ,68028 ,0 ,169842 ,1008 ,2470 ,1083 ,15154 ,0 ,113 ,0 ,0 ,28316 ,4355 ,2282 ,0 ,0 ,56212 ,1298 
2017-04-01,9126 ,7355 ,0 ,1032 ,1365 ,0 ,0 ,0 ,0 ,185 ,2160 ,0 ,13845 ,0 ,1640 ,0 ,549 ,0 ,0 ,522324 ,19249 ,0 ,34745 ,0 ,2109 ,189 ,4780 ,134675 ,0 ,1112 ,0 ,0 ,50617 ,0 ,0 ,20511 ,0 ,132969 ,0 ,0 ,0 ,7914 ,0 ,0 ,0 ,5994 ,29481 ,1003 ,0 ,0 ,0 ,244162 ,0 ,0 ,885271 ,0 ,6452 ,0 ,2356 ,37300907 ,0 ,0 ,185 ,0 ,14729 ,152118 ,0 ,4415 ,0 ,3131 ,0 ,0 ,93352 ,0 ,0 ,4621 ,1600 ,0 ,8253 ,11819 ,0 ,0 ,9848 ,0 ,0 ,0 ,222647 ,9154 ,0 ,0 ,0 ,1854 ,1996 ,0 ,0 ,15033 ,310776 ,267607 ,215 ,1962 ,4400 ,0 ,0 ,3906 ,0 ,25509 ,0 ,55735 ,0 ,0 ,92793 ,0 ,7559 ,0 ,33190 ,11205 ,494411 ,2338 ,49743 ,0 ,360088 ,0 ,1894 ,0 ,4758 ,0 ,21668 ,267187 ,485 ,0 ,0 ,8522 ,1668 ,322815 ,1231 ,78112 ,4224 ,0 ,0 ,0 ,0 ,0 ,26287 ,0 ,28177 ,3787 ,6301 ,1710550 ,77305 ,0 ,0 ,1357 ,0 ,0 ,6224 ,0 ,0 ,0 ,0 ,599059 ,0 ,2610 ,137419 ,4580 ,0 ,0 ,0 ,11748 ,0 ,2908 ,983 ,0 ,0 ,0 ,5173 ,0 ,0 ,6311 ,594795 ,0 ,0 ,1502956 ,55806 ,4473 ,951 ,100019 ,6720 ,0 ,20398 ,2140 ,0 ,3266 ,0 ,0 ,2511 ,0 ,0 ,0 ,0 ,0 ,1751 ,4582 ,0 ,0 ,124531 ,8178 ,0 ,0 ,15850 ,0 ,0 ,10426 ,4325 ,13536 ,2058 ,0 ,530 ,189 ,4003 ,4980 ,7502 ,67296 ,0 ,124909 ,59874 ,1264 ,0 ,0 ,0 ,0 ,0 ,0 ,191429 ,4919 ,0 ,20952 ,9056 ,0 ,20345 ,16376 ,109819 ,376872 ,185 ,0 ,0 ,187965 ,4497 ,0 ,1433 ,0 ,17948 ,732 ,1011 ,219 ,46373 ,0 ,39302 ,0 ,0 ,0 ,19783 ,0 ,0 ,2398 ,0 ,530 ,2571 ,0 ,101864 ,0 ,2025 ,0 ,0 ,2250 ,1934 ,4624 ,0 ,21871 ,2156 ,0 ,37102 ,0 ,183 ,102791 ,1418 ,0 ,40545 ,2302 ,170910 ,0 ,0 ,202029 ,0 ,0 ,0 ,15441 ,14759 ,189 ,576 ,2246 ,413 ,0 ,11446 ,1813 ,232131 ,30912 ,0 ,1963 ,75595 ,50519 ,1036 ,21988 ,2372 ,0 ,6166 ,0 ,0 ,1409 ,0 ,2231 ,0 ,0 ,392 ,0 ,0 ,311256 ,214 ,0 ,0 ,931 ,3289 ,288082 ,776801 ,4072 ,0 ,12941 ,27509 ,958325 ,2869077 ,814431 ,6174 ,983 ,155824 ,0 ,0 ,6437 ,1310175 ,2774 ,4371 ,8959 ,0 ,50272 ,489 ,0 ,34233 ,0 ,77671 ,2310 ,530 ,53610 ,363 ,1376 ,1937 ,67211 ,23292 ,211074 ,2314 ,10192 ,19219 ,1531 ,1032 ,0 ,669160 ,0 ,1000 ,0 ,184184 ,0 ,379618 ,0 ,0 ,2174 ,0 ,185 ,2208335 ,0 ,0 ,200367 ,1368 ,39485 ,24946 ,0 ,1865 ,0 ,0 ,4862 ,2053 ,0 ,0 ,0 ,34336 ,0 ,1058 ,0 ,0 ,0 ,40043 ,2386840 ,0 ,2094 ,430130 ,446 ,0 ,2855 ,0 ,221 ,0 ,0 ,537 ,0 ,0 ,1965 ,7524 ,1152 ,1180 ,0 ,0 ,202 ,0 ,185 ,0 ,3264 ,0 ,2853 ,7008 ,0 ,0 ,5921 ,0 ,0 ,0 ,586 ,0 ,530 ,0 ,34978 ,0 ,2308 ,6164316 ,0 ,0 ,1344 ,0 ,122822 ,28389 ,1609 ,0 ,0 ,5056 ,0 ,0 ,0 ,4851 ,33730 ,0 ,305125 ,0 ,288634 ,257262 ,1784 ,19461 ,20380 ,0 ,0 ,173141 ,4637 ,2257 ,0 ,9568 ,0 ,17988 ,577 ,0 ,5525 ,0 ,1167 ,596 ,2893 ,0 ,0 ,2715 ,103261 ,0 ,0 ,104994 ,2886 ,2691 ,173049 ,0 ,6275 ,71112 ,75213 ,0 ,0 ,176143 ,597395 ,82573 ,509015 ,0 ,163 ,10138 ,8702 ,1546713 ,0 ,0 ,4679 ,0 ,36133 ,4026 ,943 ,94317 ,42140 ,0 ,335301 ,0 ,199 ,5049 ,0 ,0 ,2301 ,56483 ,0 ,0 ,1942 ,0 ,537 ,2313 ,0 ,0 ,11744 ,2615 ,2615 ,0 ,290 ,29711 ,0 ,1885240 ,0 ,14407 ,0 ,56705 ,0 ,68734 ,5257 ,530 ,0 ,45967 ,0 ,0 ,2279 ,2279 ,191 ,185 ,7507 ,0 ,185 ,38032 ,0 ,0 ,4150 ,104017 ,0 ,0 ,64288 ,316408 ,9658 ,16360 ,10116 ,20655 ,18269 ,537330 ,0 ,2495 ,30674 ,0 ,0 ,1730 ,1346 ,0 ,0 ,13101 ,0 ,9741 ,9717 ,0 ,1306685 ,0 ,969 ,90598 ,583817 ,59874 ,0 ,67072 ,562 ,2208 ,1853 ,0 ,1466 ,13176 ,0 ,2899 ,0 ,12159 ,105777 ,2310 ,0 ,0 ,21400 ,20634 ,0 ,7605 ,10195 ,0 ,756 ,0 ,0 ,0 ,0 ,0 ,0 ,0 ,185 ,1980743 ,340 ,0 ,822352 ,1509337 ,530 ,109611 ,0 ,0 ,0 ,0 ,13797 ,3553 ,21751 ,896 ,272839 ,42779 ,4803 ,3818 ,28578 ,0 ,0 ,31757 ,0 ,4370606 ,0 ,0 ,0 ,537 ,0 ,0 ,228867 ,0 ,120981 ,0 ,0 ,46070 ,3767 ,1409 ,124669 ,875 ,8112444 ,0 ,79896 ,722 ,1811 ,989 ,0 ,530 ,0 ,39506 ,40997 ,12146 ,4163 ,149952 ,2317 ,13215 ,249 ,3890 ,0 ,1135 ,0 ,931 ,7800 ,7800 ,9009230 ,66943 ,5918 ,2152 ,224934 ,1660992 ,2235 ,0 ,3917 ,6287 ,293886 ,1378 ,42019 ,0 ,6550 ,28345 ,0 ,2319 ,1730 ,0 ,1938 ,0 ,6213918 ,0 ,15346 ,4027552 ,163055 ,27773 ,1387 ,0 ,285042 ,0 ,5823 ,931 ,0 ,0 ,0 ,182 ,0 ,18659 ,15957 ,1022 ,0 ,3064 ,3516 ,3324 ,0 ,160 ,4042 ,0 ,0 ,0 ,0 ,0 ,254237 ,0 ,623142 ,425 ,185 ,177841654 ,0 ,8125 ,796 ,9555 ,118526 ,456 ,0 ,918 ,441659 ,5543 ,13291 ,518 ,11193 ,0 ,0 ,0 ,0 ,743 ,309433 ,5801 ,40386 ,0 ,0 ,0 ,0 ,0 ,191 ,0 ,0 ,1563 ,1169 ,0 ,0 ,906377 ,3804 ,35472 ,1229 ,0 ,0 ,0 ,1959 ,0 ,1612 ,14711 ,22421 ,2077 ,32016 ,74550 ,0 ,350489 ,23488 ,0 ,0 ,0 ,0 ,9891 ,81023 ,0 ,0 ,0 ,0 ,1346616 ,1884 ,0 ,535 ,0 ,24129 ,6299 ,2004 ,0 ,791 ,109352 ,0 ,0 ,0 ,0 ,3372 ,7794 ,17246 ,0 ,1007 ,7110 ,49579 ,4748 ,3354 ,0 ,814 ,0 ,37504137 ,2816023 ,0 ,84493 ,671386 ,2859658 ,249352 ,0 ,0 ,47468 ,5622 ,0 ,21174 ,22911 ,2326 ,0 ,10221 ,0 ,0 ,0 ,59816 ,244807 ,0 ,120454 ,0 ,0 ,583575 ,0 ,4924 ,0 ,189 ,0 ,69306 ,0 ,6724 ,0 ,0 ,1401 ,0 ,1966 ,33024 ,1897 ,32725 ,0 ,21215 ,7756 ,27746 ,0 ,0 ,268533 ,741750 ,0 ,24065 ,0 ,0 ,0 ,0 ,1622 ,0 ,84989 ,0 ,9114565 ,38807 ,24408 ,0 ,112210 ,9310 ,1231 ,2898 ,139173 ,0 ,0 ,0 ,0 ,204668 ,0 ,0 ,0 ,4828 ,30318 ,0 ,49469 ,0 ,12148 ,0 ,0 ,20692 ,785865 ,12835 ,0 ,19137 ,1315271 ,0 ,7241 ,7319 ,8314 ,225890 ,0 ,603 ,0 ,0 ,153157 ,143086 ,3008 ,0 ,0 ,45701 ,98198 ,258404 ,130323 ,141306 ,6362 ,2801 ,79297 ,2187020 ,0 ,0 ,479 ,27783 ,334 ,326123 ,12208 ,5053 ,2266 ,10025 ,0 ,777 ,2746 ,87466 ,1572 ,1358 ,0 ,1820 ,0 ,3391 ,0 ,5629 ,1850 ,31626 ,14062 ,1766 ,1092644 ,8243702 ,0 ,856683 ,997 ,46700 ,3154 ,0 ,0 ,0 ,0 ,0 ,268984 ,0 ,0 ,0 ,72526 ,1016 ,50682 ,3185 ,601 ,176516 ,0 ,0 ,13982 ,2939 ,0 ,0 ,0 ,2812 ,671735 ,0 ,0 ,0 ,0 ,1813 ,2812 ,0 ,0 ,0 ,10135 ,0 ,2984 ,1002 ,0 ,0 ,0 ,1836 ,13988 ,1914 ,50425 ,403004537 ,0 ,0 ,0 ,2624 ,2686 ,0 ,4394 ,2064 ,163647 ,12360 ,20310 ,68513 ,0 ,19689 ,0 ,186 ,0 ,0 ,0 ,231488 ,24548 ,909 ,4393 ,334 ,9153 ,0 ,0 ,0 ,66391 ,9198 ,0 ,0 ,0 ,183097 ,0 ,3127 ,3661 ,28174 ,3911 ,0 ,0 ,790 ,77401 ,0 ,7348 ,66506 ,1443 ,0 ,0 ,0 ,155027 ,1002 ,0 ,247465 ,66191 ,0 ,0 ,328115 ,2310 ,635 ,0 ,575 ,0 ,47812 ,0 ,0 ,1978 ,1891 ,0 ,4158 ,97476 ,0 ,2287 ,3979 ,0 ,30932 ,961 ,2854 ,0 ,3343 ,489147 ,0 ,0 ,0 ,2876 ,29459 ,0 ,120750 ,180 ,2636 ,2310 ,25252 ,957 ,0 ,0 ,0 ,16618 ,204 ,199 ,0 ,0 ,47732 ,1103 
2017-05-01,10695 ,3184 ,0 ,0 ,2959 ,0 ,0 ,0 ,147 ,0 ,1215 ,3307 ,13298 ,0 ,1886 ,0 ,1004 ,0 ,0 ,457977 ,32382 ,0 ,44725 ,0 ,5472 ,303 ,7953 ,88177 ,0 ,1217 ,0 ,0 ,57057 ,0 ,0 ,33768 ,0 ,203463 ,0 ,0 ,0 ,4672 ,0 ,0 ,0 ,5073 ,32368 ,0 ,0 ,0 ,0 ,301146 ,0 ,0 ,1619318 ,0 ,4931 ,0 ,5852 ,37167382 ,0 ,0 ,387 ,0 ,17440 ,178391 ,0 ,5808 ,0 ,6581 ,0 ,0 ,118478 ,0 ,0 ,6952 ,2409 ,1094 ,9003 ,10099 ,0 ,0 ,12254 ,0 ,0 ,0 ,205381 ,21105 ,0 ,0 ,0 ,1916 ,1565 ,0 ,0 ,10603 ,304460 ,222841 ,0 ,2598 ,2265 ,0 ,0 ,2167 ,0 ,13854 ,0 ,54067 ,0 ,0 ,81163 ,0 ,6879 ,0 ,30240 ,16360 ,454214 ,2210 ,46013 ,0 ,347169 ,0 ,4910 ,0 ,4605 ,2628 ,27294 ,149488 ,648 ,0 ,0 ,5657 ,8531 ,270148 ,0 ,85234 ,14348 ,0 ,0 ,1269 ,0 ,0 ,18478 ,0 ,20503 ,2820 ,4536 ,1616750 ,80136 ,0 ,0 ,1282 ,0 ,0 ,14378 ,0 ,0 ,0 ,0 ,499006 ,213 ,3713 ,117692 ,0 ,0 ,0 ,0 ,8519 ,0 ,2316 ,1709 ,0 ,0 ,0 ,5013 ,0 ,0 ,5469 ,630738 ,0 ,0 ,1574453 ,46364 ,10995 ,2713 ,60929 ,2722 ,0 ,25047 ,921 ,0 ,5584 ,2817 ,0 ,1375 ,0 ,0 ,0 ,0 ,0 ,661 ,2806 ,0 ,0 ,141404 ,9543 ,0 ,2785 ,16346 ,0 ,0 ,5765 ,2899 ,16475 ,5279 ,0 ,5467 ,303 ,6193 ,0 ,8157 ,64811 ,0 ,111392 ,95209 ,933 ,311 ,0 ,0 ,0 ,0 ,0 ,199191 ,17195 ,3392 ,19695 ,5995 ,0 ,17785 ,18556 ,115406 ,352122 ,7278 ,0 ,0 ,186679 ,13015 ,0 ,954 ,0 ,9916 ,3531 ,2933 ,147 ,35175 ,0 ,36298 ,0 ,0 ,0 ,18577 ,836 ,0 ,1525 ,0 ,0 ,1554 ,0 ,74397 ,0 ,964 ,0 ,0 ,3643 ,1440 ,4809 ,0 ,34219 ,1315 ,0 ,40420 ,0 ,351 ,141670 ,1137 ,0 ,52071 ,1321 ,163680 ,0 ,0 ,201459 ,0 ,0 ,0 ,11704 ,24646 ,2081 ,243 ,768 ,421 ,0 ,11421 ,1284 ,203698 ,13083 ,0 ,968 ,71372 ,33287 ,2122 ,18950 ,959 ,0 ,5074 ,0 ,2724 ,1231 ,0 ,878 ,0 ,0 ,912 ,0 ,0 ,289266 ,866 ,0 ,0 ,1780 ,2385 ,269932 ,731098 ,4899 ,0 ,12340 ,31736 ,869069 ,2770745 ,791189 ,1990 ,604 ,135290 ,0 ,0 ,3430 ,1560228 ,571 ,11507 ,20494 ,318 ,53163 ,1304 ,0 ,37734 ,0 ,96096 ,0 ,0 ,48208 ,669 ,3860 ,1313 ,87732 ,18137 ,219016 ,1339 ,30413 ,18295 ,7414 ,768 ,0 ,681100 ,0 ,1598 ,0 ,203516 ,0 ,312742 ,0 ,0 ,2167 ,0 ,311 ,2200500 ,0 ,0 ,141993 ,1907 ,80136 ,24102 ,0 ,1506 ,0 ,0 ,5622 ,4089 ,0 ,0 ,0 ,40263 ,0 ,0 ,0 ,0 ,0 ,153110 ,2374250 ,0 ,351 ,445511 ,2227 ,0 ,2692 ,0 ,1603 ,0 ,0 ,1545 ,0 ,0 ,0 ,14160 ,2821 ,311 ,0 ,0 ,0 ,0 ,0 ,0 ,5587 ,0 ,7178 ,1886 ,0 ,0 ,2856 ,119 ,0 ,0 ,2180 ,0 ,311 ,0 ,48834 ,22467 ,2876 ,6161967 ,0 ,0 ,8698 ,0 ,200015 ,33018 ,2205 ,0 ,0 ,10011 ,0 ,0 ,0 ,5746 ,37732 ,0 ,246631 ,0 ,329271 ,241613 ,2385 ,22772 ,15028 ,0 ,0 ,179628 ,8393 ,1821 ,0 ,9201 ,0 ,19983 ,139 ,0 ,3580 ,0 ,169 ,507 ,4004 ,0 ,0 ,2706 ,136460 ,0 ,311 ,342183 ,5054 ,2579 ,179669 ,0 ,8052 ,70360 ,88138 ,0 ,0 ,188459 ,563817 ,71700 ,483705 ,0 ,11383 ,1913 ,6512 ,1380819 ,0 ,0 ,3045 ,0 ,53520 ,1321 ,2176 ,62275 ,44644 ,0 ,342985 ,0 ,629 ,12809 ,0 ,0 ,1061 ,75352 ,0 ,0 ,990 ,0 ,1581 ,1829 ,0 ,0 ,10706 ,4655 ,4655 ,0 ,1759 ,27115 ,0 ,1565283 ,0 ,10412 ,0 ,60904 ,0 ,35589 ,7139 ,1780 ,1269 ,55087 ,0 ,1339 ,1183 ,1183 ,0 ,311 ,11521 ,0 ,0 ,47599 ,0 ,0 ,3812 ,139220 ,0 ,112533 ,57389 ,295495 ,13695 ,20279 ,8738 ,27992 ,19366 ,516347 ,0 ,1269 ,28849 ,0 ,0 ,0 ,254 ,0 ,0 ,2856 ,0 ,2367 ,7278 ,0 ,1287626 ,0 ,1928 ,88809 ,557430 ,60911 ,0 ,56639 ,996 ,3620 ,3028 ,0 ,0 ,15028 ,0 ,2780 ,0 ,4969 ,103597 ,5846 ,0 ,3987 ,13414 ,8503 ,1437 ,9955 ,9522 ,0 ,1284 ,0 ,0 ,0 ,0 ,0 ,0 ,0 ,309 ,1915534 ,0 ,0 ,815018 ,1410429 ,311 ,70860 ,0 ,0 ,0 ,0 ,2917 ,7290 ,23586 ,1846 ,277828 ,44206 ,5028 ,4541 ,18134 ,0 ,0 ,31888 ,0 ,3683943 ,0 ,0 ,0 ,359 ,0 ,0 ,243928 ,0 ,127254 ,0 ,0 ,57198 ,2865 ,1881 ,87064 ,1001 ,6520561 ,0 ,75441 ,1166 ,4733 ,2192 ,0 ,311 ,0 ,59721 ,29121 ,6980 ,2954 ,109925 ,434 ,11362 ,0 ,4942 ,0 ,1664 ,0 ,866 ,9654 ,9654 ,8534492 ,130905 ,5014 ,1518 ,254601 ,1645635 ,1398 ,0 ,3260 ,11063 ,293062 ,734 ,37810 ,0 ,9026 ,21322 ,0 ,7816 ,3445 ,0 ,6498 ,0 ,5883926 ,0 ,19129 ,3813531 ,192481 ,25991 ,1155 ,0 ,287056 ,0 ,11321 ,3558 ,0 ,0 ,0 ,543 ,0 ,27174 ,9755 ,1178 ,0 ,4163 ,4129 ,5147 ,0 ,1022 ,4324 ,0 ,0 ,0 ,0 ,0 ,228866 ,0 ,624269 ,0 ,0 ,143475072 ,0 ,10541 ,478 ,6044 ,128876 ,0 ,0 ,2700 ,463933 ,7222 ,7726 ,1462 ,14160 ,0 ,0 ,0 ,0 ,1032 ,262768 ,6051 ,40302 ,0 ,0 ,0 ,0 ,0 ,294 ,0 ,0 ,3219 ,1154 ,0 ,0 ,538973 ,2753 ,31179 ,534 ,0 ,0 ,0 ,1879 ,0 ,0 ,26103 ,29508 ,5693 ,36868 ,119576 ,0 ,410253 ,38541 ,0 ,0 ,0 ,0 ,4043 ,96192 ,0 ,0 ,0 ,0 ,1342940 ,1319 ,0 ,1831 ,4330 ,15337 ,2501 ,3151 ,0 ,351 ,127617 ,0 ,0 ,0 ,0 ,7210 ,11404 ,18749 ,0 ,187 ,55854 ,54892 ,7996 ,1269 ,2915 ,4243 ,0 ,37154834 ,2814110 ,0 ,57582 ,751978 ,2679453 ,295596 ,0 ,0 ,39052 ,4580 ,0 ,27792 ,30427 ,1930 ,0 ,5940 ,0 ,0 ,0 ,54698 ,242002 ,0 ,118821 ,0 ,0 ,249426 ,0 ,4397 ,0 ,1160 ,0 ,68150 ,0 ,3712 ,0 ,0 ,2302 ,0 ,545 ,28348 ,2297 ,141135 ,833 ,139060 ,13090 ,64770 ,0 ,0 ,233726 ,706378 ,0 ,19442 ,0 ,0 ,0 ,0 ,1253 ,0 ,74313 ,0 ,8261598 ,42064 ,20576 ,0 ,187586 ,10505 ,0 ,2922 ,179401 ,0 ,0 ,0 ,0 ,185035 ,0 ,0 ,0 ,7038 ,25499 ,0 ,54110 ,0 ,10982 ,0 ,0 ,11648 ,825233 ,14640 ,0 ,17276 ,1218689 ,0 ,9683 ,3164 ,5105 ,211443 ,0 ,483 ,0 ,0 ,127777 ,136217 ,9215 ,0 ,0 ,39596 ,107289 ,49672 ,110229 ,123447 ,562 ,0 ,84522 ,2162644 ,0 ,0 ,660 ,15487 ,0 ,339331 ,11862 ,9222 ,8416 ,11160 ,0 ,1126 ,1672 ,92144 ,3600 ,2254 ,0 ,3743 ,0 ,4387 ,0 ,2558 ,1930 ,27004 ,28957 ,3937 ,1111644 ,8014982 ,0 ,983936 ,1252 ,64002 ,1251 ,0 ,0 ,0 ,0 ,0 ,260095 ,0 ,656 ,0 ,67516 ,296 ,53840 ,862 ,0 ,133609 ,0 ,0 ,12252 ,1544 ,0 ,0 ,0 ,2937 ,697530 ,0 ,0 ,0 ,819 ,1284 ,3204 ,0 ,0 ,0 ,8153 ,0 ,1061 ,924 ,0 ,0 ,0 ,2423 ,12431 ,4780 ,42134 ,321517905 ,0 ,0 ,4137 ,0 ,0 ,0 ,5267 ,556 ,206478 ,17307 ,6035 ,82552 ,0 ,24500 ,0 ,321 ,0 ,0 ,0 ,240989 ,16746 ,1741 ,4282 ,215 ,15805 ,0 ,0 ,0 ,61303 ,7710 ,122141 ,0 ,0 ,116137 ,0 ,9614 ,3304 ,27715 ,9096 ,0 ,0 ,0 ,85402 ,0 ,11340 ,84766 ,0 ,618 ,0 ,0 ,98992 ,535 ,0 ,239003 ,69751 ,0 ,0 ,270513 ,0 ,688 ,0 ,598 ,0 ,49394 ,0 ,0 ,2301 ,1151 ,0 ,1252 ,98786 ,0 ,1345 ,5747 ,0 ,17618 ,769 ,961 ,0 ,12116 ,380235 ,0 ,0 ,0 ,4111 ,36463 ,0 ,110345 ,363 ,0 ,5331 ,5045 ,0 ,0 ,0 ,0 ,15034 ,642 ,0 ,0 ,0 ,48490 ,2684 
2017-06-01,4492 ,6966 ,0 ,0 ,3474 ,0 ,0 ,0 ,153 ,0 ,1240 ,1703 ,19036 ,0 ,0 ,0 ,2229 ,0 ,0 ,452230 ,21611 ,0 ,31231 ,0 ,24723 ,0 ,10563 ,93274 ,433 ,2794 ,0 ,0 ,116686 ,0 ,0 ,11844 ,0 ,286004 ,0 ,0 ,0 ,6678 ,0 ,0 ,0 ,5968 ,35929 ,0 ,0 ,0 ,0 ,288003 ,0 ,0 ,1911089 ,0 ,3375 ,0 ,3563 ,38642940 ,0 ,0 ,961 ,0 ,45032 ,173823 ,0 ,2168 ,0 ,8478 ,0 ,0 ,111781 ,0 ,0 ,5227 ,2098 ,84 ,10543 ,19436 ,0 ,0 ,11752 ,0 ,0 ,1750 ,275622 ,2184 ,909 ,0 ,0 ,2428 ,2923 ,0 ,0 ,6559 ,357672 ,271830 ,0 ,2523 ,3571 ,0 ,0 ,855 ,0 ,15244 ,0 ,87735 ,0 ,0 ,127953 ,0 ,6695 ,0 ,31328 ,7601 ,294506 ,6875 ,55639 ,0 ,365493 ,0 ,10420 ,0 ,3589 ,0 ,54174 ,259573 ,1115 ,0 ,0 ,10345 ,7540 ,344207 ,0 ,70880 ,18640 ,0 ,0 ,0 ,0 ,0 ,30999 ,2167 ,52136 ,6491 ,2831 ,1773499 ,58787 ,0 ,0 ,322 ,0 ,6436 ,18690 ,0 ,0 ,0 ,0 ,676288 ,581 ,18691 ,90643 ,0 ,0 ,0 ,0 ,10677 ,0 ,6367 ,3068 ,0 ,0 ,0 ,10105 ,0 ,1337 ,4322 ,614307 ,0 ,0 ,1652857 ,73877 ,10360 ,891 ,48449 ,3270 ,0 ,30120 ,492 ,0 ,12692 ,1430 ,0 ,1920 ,0 ,0 ,0 ,891 ,0 ,3651 ,3447 ,0 ,0 ,172899 ,7553 ,0 ,1512 ,7398 ,1430 ,0 ,2598 ,318 ,19476 ,4031 ,0 ,6396 ,0 ,2606 ,0 ,18341 ,77115 ,0 ,130916 ,146744 ,769 ,0 ,0 ,0 ,0 ,0 ,327 ,308532 ,15250 ,1924 ,22075 ,3800 ,2052 ,26947 ,26469 ,114054 ,321202 ,1825 ,0 ,0 ,198132 ,4194 ,0 ,1436 ,0 ,29006 ,5812 ,316 ,0 ,37257 ,0 ,32440 ,0 ,0 ,0 ,85826 ,9118 ,0 ,1820 ,0 ,0 ,1662 ,0 ,65597 ,0 ,2027 ,0 ,1225 ,3150 ,0 ,4849 ,0 ,32729 ,3321 ,0 ,69079 ,0 ,1110 ,135562 ,6993 ,0 ,32980 ,1829 ,232743 ,0 ,0 ,253296 ,0 ,0 ,0 ,17653 ,12439 ,3317 ,568 ,832 ,107 ,0 ,15292 ,1367 ,205785 ,15669 ,0 ,1398 ,121991 ,48753 ,894 ,22046 ,658 ,0 ,4891 ,0 ,0 ,1789 ,0 ,1113 ,0 ,0 ,1387 ,418 ,378 ,262975 ,1825 ,0 ,0 ,1337 ,2641 ,240872 ,780593 ,4979 ,0 ,11177 ,89990 ,1093899 ,2560917 ,681865 ,6097 ,35953 ,164315 ,0 ,0 ,3498 ,1777974 ,796 ,8267 ,10941 ,1672 ,64078 ,1029 ,0 ,99310 ,0 ,87859 ,0 ,0 ,60627 ,313 ,1604 ,2905 ,86065 ,42727 ,269227 ,4847 ,12539 ,19832 ,25642 ,145 ,0 ,831827 ,0 ,0 ,0 ,211311 ,0 ,401509 ,0 ,0 ,5555 ,0 ,0 ,2708461 ,0 ,0 ,97034 ,1818 ,58787 ,24099 ,0 ,1151 ,0 ,0 ,8190 ,2857 ,0 ,0 ,0 ,51100 ,0 ,0 ,0 ,0 ,0 ,181848 ,2231420 ,0 ,5303 ,529531 ,1301 ,0 ,4024 ,0 ,4679 ,0 ,0 ,535 ,0 ,0 ,0 ,14568 ,1575 ,314 ,0 ,321 ,0 ,0 ,0 ,0 ,8510 ,0 ,3423 ,0 ,0 ,0 ,1430 ,205 ,0 ,0 ,3125 ,0 ,327 ,0 ,49381 ,54489 ,568 ,6436889 ,0 ,0 ,6130 ,0 ,227255 ,16223 ,2066 ,0 ,0 ,12415 ,0 ,0 ,0 ,3003 ,40110 ,1971 ,359931 ,0 ,157029 ,362437 ,1982 ,24099 ,21710 ,0 ,0 ,214901 ,3748 ,6606 ,0 ,4610 ,0 ,11642 ,503 ,0 ,5107 ,0 ,0 ,188 ,4307 ,0 ,0 ,2993 ,113479 ,0 ,159 ,300303 ,3568 ,1886 ,148236 ,861 ,6626 ,25868 ,71989 ,0 ,0 ,185953 ,591817 ,71657 ,745230 ,0 ,18268 ,1214 ,7111 ,1538720 ,0 ,0 ,5055 ,0 ,64073 ,1337 ,1080 ,103622 ,57146 ,0 ,406781 ,0 ,0 ,11551 ,0 ,126100 ,329 ,67622 ,0 ,0 ,1986 ,0 ,2545 ,1461 ,0 ,0 ,19906 ,7546 ,7546 ,0 ,1848 ,46370 ,0 ,1649317 ,0 ,34098 ,0 ,60833 ,0 ,67013 ,4394 ,2435 ,9282 ,69258 ,0 ,1430 ,1958 ,1958 ,0 ,1337 ,13557 ,0 ,0 ,51548 ,0 ,0 ,6086 ,132000 ,0 ,49204 ,95548 ,409147 ,12666 ,20460 ,9152 ,49322 ,12100 ,688763 ,0 ,25349 ,30398 ,0 ,0 ,0 ,1116 ,153 ,0 ,6164 ,0 ,2316 ,0 ,0 ,1339791 ,0 ,2059 ,72709 ,633755 ,372442 ,0 ,42083 ,3199 ,11789 ,6294 ,0 ,0 ,7392 ,0 ,4546 ,0 ,9233 ,126888 ,4348 ,0 ,5674 ,14485 ,10399 ,1422 ,10129 ,10369 ,0 ,1714 ,0 ,0 ,0 ,0 ,0 ,26766 ,0 ,0 ,1858593 ,0 ,30404 ,1058332 ,1496814 ,857 ,34366 ,419 ,0 ,0 ,0 ,26263 ,6337 ,30011 ,3053 ,315848 ,42753 ,6690 ,3652 ,45024 ,0 ,0 ,23210 ,0 ,4802154 ,0 ,0 ,0 ,1310 ,0 ,0 ,300551 ,0 ,133378 ,0 ,0 ,52629 ,3400 ,2590 ,133664 ,3770 ,6642908 ,0 ,111473 ,1200 ,2768 ,3541 ,0 ,327 ,0 ,44147 ,43415 ,16380 ,3490 ,154284 ,331 ,0 ,0 ,13953 ,234 ,1263 ,0 ,1825 ,11088 ,11088 ,9191378 ,156634 ,4300 ,5774 ,291528 ,1719914 ,2297 ,0 ,0 ,6354 ,266338 ,2117 ,32790 ,0 ,5077 ,25155 ,232 ,5656 ,0 ,0 ,3170 ,0 ,6327205 ,0 ,25916 ,4572509 ,184714 ,36922 ,3131 ,0 ,358289 ,0 ,7775 ,0 ,0 ,0 ,0 ,379 ,0 ,50744 ,8343 ,3241 ,0 ,6789 ,45493 ,6201 ,0 ,525 ,6032 ,0 ,0 ,0 ,0 ,0 ,311039 ,0 ,788396 ,0 ,0 ,151603939 ,0 ,7311 ,0 ,5315 ,154697 ,0 ,0 ,4342 ,556314 ,4600 ,10480 ,2871 ,19118 ,0 ,0 ,0 ,0 ,2943 ,353640 ,7367 ,54756 ,0 ,0 ,0 ,0 ,0 ,0 ,0 ,0 ,1619 ,2259 ,0 ,0 ,1091038 ,5223 ,37968 ,2262 ,0 ,1855 ,0 ,1565 ,0 ,0 ,24642 ,38801 ,8407 ,27560 ,132879 ,0 ,361728 ,34953 ,0 ,193 ,0 ,0 ,3444 ,94230 ,0 ,0 ,0 ,0 ,1424904 ,3059 ,0 ,1411 ,3261 ,21157 ,8855 ,11553 ,0 ,1698 ,125701 ,0 ,0 ,0 ,0 ,1759 ,9085 ,27145 ,0 ,2276 ,16918 ,29891 ,3630 ,9 ,997 ,6753 ,0 ,37785599 ,3806386 ,0 ,43956 ,733414 ,3011226 ,279309 ,0 ,0 ,60020 ,4903 ,0 ,19243 ,53307 ,3270 ,0 ,4287 ,0 ,0 ,0 ,100650 ,183218 ,0 ,87897 ,0 ,0 ,325704 ,0 ,16569 ,0 ,331 ,0 ,62034 ,0 ,4878 ,0 ,0 ,2073 ,0 ,198 ,86884 ,2500 ,143741 ,1093 ,183479 ,16148 ,83333 ,0 ,0 ,227924 ,874795 ,0 ,17246 ,0 ,0 ,23500 ,0 ,487 ,0 ,70841 ,0 ,8869776 ,41444 ,17226 ,0 ,270218 ,12694 ,0 ,4799 ,167931 ,0 ,0 ,0 ,0 ,150569 ,0 ,0 ,0 ,6558 ,35732 ,0 ,79694 ,0 ,12221 ,0 ,0 ,9629 ,918368 ,12664 ,0 ,15283 ,1098635 ,0 ,25967 ,3908 ,13091 ,415634 ,0 ,857 ,0 ,0 ,199209 ,137521 ,6494 ,0 ,0 ,67702 ,145133 ,318966 ,67600 ,148944 ,1773 ,0 ,102679 ,2672817 ,0 ,0 ,1231 ,117098 ,0 ,360403 ,13988 ,11700 ,10320 ,15279 ,0 ,145 ,2198 ,93720 ,3082 ,3983 ,8841 ,1557 ,0 ,2373 ,2271 ,2991 ,359 ,29736 ,42615 ,7377 ,1694465 ,8173339 ,0 ,1312103 ,1381 ,79652 ,2220 ,0 ,0 ,0 ,0 ,0 ,318593 ,0 ,3010 ,0 ,86570 ,6219 ,57868 ,496 ,0 ,137996 ,0 ,327 ,21985 ,5860 ,0 ,0 ,0 ,1421 ,978656 ,0 ,0 ,0 ,386 ,1367 ,6524 ,0 ,0 ,0 ,15561 ,327 ,2172 ,572 ,0 ,0 ,0 ,1658 ,24910 ,4427 ,54449 ,330746753 ,0 ,0 ,9535 ,0 ,0 ,0 ,2449 ,2380 ,292414 ,9287 ,11010 ,91707 ,0 ,25206 ,0 ,1916 ,0 ,0 ,0 ,274542 ,14311 ,181 ,6715 ,0 ,11717 ,0 ,0 ,0 ,105992 ,4363 ,25493 ,0 ,0 ,113144 ,0 ,19919 ,4629 ,36414 ,9162 ,0 ,0 ,0 ,106089 ,0 ,1711 ,65447 ,0 ,1960 ,0 ,931 ,102963 ,205 ,0 ,509260 ,89482 ,0 ,0 ,263163 ,0 ,606 ,0 ,338 ,0 ,47718 ,1533 ,0 ,2936 ,1875 ,0 ,356 ,71098 ,0 ,4608 ,6762 ,0 ,24801 ,3191 ,289 ,0 ,11227 ,445302 ,0 ,0 ,0 ,4151 ,58309 ,0 ,164122 ,2549 ,0 ,9321 ,11531 ,0 ,0 ,0 ,0 ,18783 ,4507 ,0 ,0 ,2707 ,55063 ,731 
2017-07-01,2224 ,5770 ,59056 ,904 ,2358 ,0 ,0 ,0 ,165 ,0 ,395 ,1347 ,22825 ,0 ,0 ,0 ,1078 ,0 ,0 ,455000 ,23132 ,0 ,24027 ,0 ,19831 ,0 ,8105 ,152661 ,1948 ,2436 ,5920 ,0 ,121957 ,0 ,0 ,10424 ,0 ,286771 ,0 ,0 ,2115 ,4546 ,244 ,0 ,0 ,8179 ,48259 ,0 ,0 ,0 ,0 ,306457 ,0 ,0 ,2404146 ,0 ,9203 ,0 ,1882 ,39259070 ,0 ,0 ,1074 ,0 ,47717 ,187429 ,1812 ,1190 ,0 ,8413 ,0 ,0 ,154146 ,0 ,0 ,3188 ,4384 ,0 ,4157 ,40940 ,0 ,0 ,22715 ,0 ,0 ,1958 ,314181 ,15599 ,519 ,0 ,0 ,4658 ,1097 ,0 ,0 ,5084 ,407892 ,279405 ,192 ,1764 ,3407 ,0 ,0 ,2611 ,0 ,17621 ,0 ,107741 ,0 ,0 ,96993 ,0 ,8457 ,0 ,28959 ,11045 ,268413 ,9251 ,53579 ,0 ,417074 ,0 ,5137 ,0 ,3679 ,0 ,64499 ,220047 ,1429 ,0 ,0 ,10386 ,4196 ,383215 ,0 ,84231 ,797 ,0 ,2632 ,0 ,0 ,0 ,22079 ,0 ,45702 ,3843 ,3418 ,1716583 ,55036 ,0 ,2180 ,0 ,0 ,7000 ,25729 ,0 ,0 ,0 ,0 ,568302 ,0 ,27101 ,119882 ,2514 ,0 ,0 ,0 ,16406 ,0 ,4295 ,2487 ,0 ,0 ,0 ,12818 ,570 ,0 ,7649 ,676851 ,0 ,0 ,1677944 ,77916 ,12485 ,5538 ,42593 ,3063 ,0 ,24019 ,800 ,0 ,1879 ,2924 ,0 ,2387 ,0 ,0 ,0 ,1280 ,0 ,27213 ,5217 ,0 ,0 ,193693 ,11407 ,0 ,936 ,19958 ,0 ,0 ,17137 ,341 ,25609 ,21525 ,0 ,8326 ,0 ,5630 ,7578 ,36121 ,123296 ,328 ,121879 ,107489 ,0 ,0 ,0 ,0 ,0 ,0 ,0 ,285850 ,32581 ,0 ,48419 ,3108 ,1196 ,22638 ,41980 ,96825 ,295392 ,1450 ,0 ,0 ,210633 ,5789 ,1648 ,1442 ,0 ,59445 ,7009 ,2461 ,0 ,44771 ,0 ,41989 ,0 ,0 ,0 ,191795 ,20728 ,0 ,940 ,0 ,0 ,2150 ,0 ,299801 ,0 ,2550 ,0 ,0 ,5399 ,0 ,6827 ,936 ,47411 ,3009 ,0 ,67932 ,0 ,873 ,105849 ,2684 ,0 ,39957 ,813 ,257638 ,0 ,0 ,282522 ,0 ,0 ,0 ,20871 ,7207 ,3029 ,0 ,778 ,0 ,0 ,17382 ,957 ,207918 ,34576 ,0 ,558 ,85443 ,85264 ,481 ,25713 ,6035 ,0 ,4051 ,0 ,0 ,3702 ,0 ,1154 ,0 ,159 ,559 ,1709 ,3464 ,140695 ,1450 ,0 ,0 ,2589 ,7803 ,223881 ,700663 ,6445 ,0 ,10214 ,52285 ,1445590 ,2412443 ,571579 ,6644 ,76347 ,181059 ,1290107 ,0 ,6309 ,1978273 ,5053 ,8400 ,11161 ,2195 ,65164 ,1241 ,0 ,70620 ,0 ,103467 ,0 ,0 ,57991 ,328 ,8676 ,12474 ,121545 ,29558 ,273261 ,5460 ,17105 ,31978 ,5404 ,483 ,0 ,689840 ,0 ,0 ,0 ,207995 ,0 ,335522 ,0 ,0 ,1742 ,0 ,0 ,2606845 ,0 ,0 ,109725 ,1745 ,28043 ,35600 ,0 ,2187 ,0 ,4869 ,12271 ,3140 ,0 ,0 ,0 ,52494 ,0 ,946 ,0 ,0 ,0 ,150046 ,2038739 ,0 ,1959 ,447281 ,545 ,0 ,2352 ,0 ,5950 ,0 ,0 ,6931 ,1450 ,0 ,0 ,18073 ,5199 ,1632 ,0 ,0 ,0 ,0 ,0 ,0 ,20209 ,0 ,8443 ,0 ,0 ,0 ,0 ,196 ,0 ,0 ,4037 ,0 ,328 ,0 ,36719 ,44162 ,997 ,6530690 ,0 ,0 ,696 ,0 ,175415 ,15609 ,2412 ,0 ,0 ,6313 ,0 ,188 ,0 ,15676 ,37147 ,937 ,398879 ,0 ,193185 ,782097 ,2465 ,24012 ,50942 ,0 ,0 ,196556 ,4134 ,5636 ,0 ,7458 ,0 ,9369 ,2074 ,0 ,3736 ,0 ,0 ,1507 ,2260 ,0 ,0 ,3469 ,88417 ,0 ,365 ,81360 ,2972 ,4948 ,106988 ,150 ,9179 ,22787 ,64636 ,0 ,0 ,433424 ,736200 ,57645 ,642979 ,0 ,13786 ,1811 ,5406 ,1618378 ,0 ,0 ,7138 ,0 ,95071 ,1970 ,1331 ,54145 ,55918 ,0 ,366918 ,0 ,0 ,7849 ,0 ,67725 ,0 ,51895 ,0 ,0 ,1130 ,0 ,2116 ,1556 ,0 ,0 ,17004 ,2631 ,2631 ,0 ,2443 ,48899 ,0 ,1659463 ,0 ,40924 ,0 ,74884 ,0 ,95822 ,4759 ,328 ,3752 ,60266 ,0 ,1696 ,3246 ,3246 ,753 ,0 ,13411 ,0 ,0 ,33607 ,0 ,0 ,17790 ,128453 ,0 ,30839 ,58460 ,402670 ,5776 ,26352 ,8264 ,44725 ,19829 ,987837 ,0 ,26384 ,26535 ,936 ,0 ,1696 ,1469 ,1337 ,0 ,0 ,0 ,2791 ,0 ,0 ,1265666 ,0 ,1643 ,77492 ,683877 ,245273 ,0 ,50210 ,1272 ,6677 ,5750 ,0 ,6212 ,11702 ,0 ,7921 ,0 ,7962 ,147762 ,702 ,0 ,4043 ,15274 ,13981 ,2385 ,14825 ,11227 ,0 ,2595 ,0 ,0 ,0 ,0 ,0 ,20267 ,0 ,0 ,1941634 ,718 ,187054 ,1144351 ,1705410 ,1170 ,25067 ,828 ,0 ,0 ,0 ,3067 ,4481 ,24960 ,5663 ,415989 ,30542 ,8659 ,13714 ,69407 ,0 ,0 ,22333 ,0 ,3959883 ,0 ,0 ,0 ,869 ,0 ,0 ,267232 ,0 ,127287 ,0 ,0 ,59144 ,2882 ,0 ,142187 ,1657 ,6877270 ,0 ,112978 ,2774 ,1298 ,2432 ,0 ,814 ,0 ,39208 ,85107 ,15868 ,1040 ,226302 ,162 ,0 ,0 ,26574 ,1348 ,463 ,0 ,1450 ,11346 ,11346 ,8650144 ,192274 ,5353 ,1076 ,270297 ,1742885 ,1476 ,0 ,0 ,10688 ,226616 ,1273 ,37384 ,0 ,10938 ,27237 ,258 ,4220 ,0 ,0 ,693 ,0 ,7041448 ,0 ,31865 ,5262542 ,146797 ,30630 ,1483 ,0 ,467232 ,0 ,10791 ,1696 ,0 ,0 ,0 ,1186 ,0 ,53845 ,3883 ,4734 ,0 ,5839 ,19391 ,6161 ,0 ,2243 ,775 ,0 ,0 ,0 ,0 ,0 ,266311 ,0 ,983213 ,343 ,328 ,156864434 ,0 ,13931 ,0 ,3534 ,160153 ,0 ,0 ,1445 ,491911 ,7462 ,18387 ,0 ,17374 ,0 ,0 ,0 ,0 ,4363 ,332723 ,4980 ,57696 ,0 ,0 ,0 ,0 ,0 ,0 ,0 ,0 ,3289 ,1399 ,0 ,878 ,1013048 ,3320 ,38033 ,465 ,0 ,0 ,0 ,3590 ,0 ,0 ,22786 ,32396 ,10052 ,49615 ,160555 ,0 ,483953 ,28775 ,0 ,333 ,0 ,0 ,2872 ,104132 ,170 ,0 ,0 ,0 ,1048057 ,3296 ,0 ,895 ,1692 ,42857 ,13885 ,7704 ,0 ,4436 ,108116 ,0 ,0 ,0 ,0 ,2979 ,5319 ,13121 ,0 ,2163 ,11319 ,27854 ,9701 ,0 ,198 ,5995 ,0 ,37324541 ,3396164 ,0 ,42418 ,1029791 ,3175831 ,224328 ,0 ,0 ,59631 ,5923 ,0 ,27816 ,23968 ,4739 ,0 ,2816 ,0 ,0 ,0 ,98375 ,171509 ,0 ,117977 ,0 ,0 ,510675 ,0 ,23246 ,0 ,2212 ,0 ,59731 ,0 ,4942 ,0 ,0 ,1250 ,0 ,2171 ,88216 ,4145 ,89793 ,586 ,96417 ,24662 ,56345 ,0 ,0 ,244761 ,937208 ,0 ,14342 ,0 ,0 ,31769 ,0 ,1086 ,0 ,56636 ,0 ,9970955 ,60207 ,17095 ,159 ,356095 ,15578 ,2461 ,9851 ,119638 ,0 ,0 ,0 ,0 ,142482 ,0 ,0 ,0 ,5537 ,52995 ,0 ,81868 ,0 ,14245 ,0 ,0 ,20561 ,965056 ,19753 ,0 ,21975 ,1082035 ,0 ,22324 ,4834 ,11634 ,527739 ,0 ,0 ,0 ,0 ,79668 ,145162 ,7589 ,0 ,0 ,96261 ,158613 ,334522 ,79432 ,140070 ,1015 ,0 ,76892 ,2570485 ,0 ,0 ,2554 ,123725 ,0 ,344327 ,12413 ,18893 ,12872 ,3615 ,0 ,2908 ,5602 ,98327 ,3618 ,4846 ,18468 ,2034 ,0 ,2790 ,732 ,1681 ,0 ,18886 ,56586 ,2778 ,1723749 ,7972059 ,0 ,1466575 ,1494 ,96957 ,2694 ,0 ,0 ,0 ,0 ,0 ,318573 ,0 ,571 ,0 ,90621 ,1669 ,43132 ,1522 ,0 ,130209 ,0 ,0 ,27978 ,162 ,0 ,0 ,0 ,4150 ,1154186 ,0 ,0 ,0 ,446 ,3004 ,4245 ,0 ,0 ,0 ,11814 ,0 ,1966 ,826 ,0 ,0 ,0 ,2248 ,25864 ,8899 ,87606 ,330267318 ,0 ,0 ,5961 ,0 ,0 ,0 ,2594 ,658 ,397720 ,21228 ,12102 ,65224 ,0 ,27327 ,0 ,1447 ,0 ,0 ,915 ,263195 ,22179 ,1037 ,5450 ,0 ,40647 ,0 ,0 ,0 ,165627 ,5080 ,8455 ,0 ,0 ,124984 ,0 ,4468 ,5006 ,41901 ,6620 ,0 ,0 ,710 ,126521 ,0 ,2406 ,95851 ,0 ,763 ,0 ,0 ,144937 ,624 ,0 ,219710 ,94037 ,0 ,0 ,221317 ,797 ,682 ,0 ,290 ,0 ,53745 ,1160 ,0 ,2192 ,1070 ,0 ,4858 ,113518 ,0 ,2599 ,6450 ,0 ,18450 ,374 ,519 ,0 ,35571 ,449921 ,0 ,2021 ,2021 ,7218 ,69869 ,936 ,186646 ,0 ,8808 ,428 ,9913 ,342 ,510 ,0 ,0 ,20776 ,4634 ,2461 ,0 ,4487 ,53470 ,888 
2017-08-01,3411 ,8955 ,16017 ,365 ,4537 ,0 ,0 ,0 ,659 ,1193 ,2317 ,2542 ,14154 ,0 ,1130 ,0 ,738 ,0 ,0 ,351294 ,20165 ,503 ,22041 ,0 ,19191 ,1592 ,12124 ,84894 ,1946 ,675 ,7774 ,0 ,74347 ,0 ,0 ,10651 ,0 ,225694 ,0 ,0 ,1354 ,6102 ,98 ,2680 ,0 ,8562 ,46950 ,0 ,2347 ,0 ,0 ,228744 ,0 ,0 ,2428546 ,0 ,9173 ,0 ,2448 ,37059556 ,0 ,0 ,363 ,0 ,16699 ,227499 ,7465 ,3145 ,0 ,11990 ,0 ,0 ,146397 ,0 ,0 ,3939 ,4435 ,0 ,6930 ,16923 ,0 ,0 ,20766 ,0 ,0 ,4754 ,230541 ,3660 ,738 ,0 ,0 ,1801 ,593 ,0 ,0 ,7271 ,335832 ,245445 ,473 ,1518 ,4605 ,0 ,0 ,3713 ,959 ,24147 ,0 ,81967 ,0 ,0 ,105465 ,0 ,6661 ,0 ,29254 ,10876 ,346259 ,17136 ,45733 ,0 ,319880 ,0 ,4587 ,0 ,6472 ,0 ,46434 ,217816 ,1499 ,0 ,0 ,2985 ,8068 ,262659 ,0 ,86434 ,12534 ,0 ,2803 ,0 ,0 ,0 ,21634 ,0 ,29533 ,3963 ,1009 ,1513100 ,33431 ,0 ,2151 ,0 ,0 ,1150 ,40917 ,0 ,0 ,0 ,0 ,428498 ,0 ,15250 ,75647 ,3310 ,0 ,0 ,0 ,9816 ,0 ,2565 ,2005 ,0 ,0 ,0 ,6993 ,0 ,0 ,8855 ,481131 ,0 ,0 ,1501785 ,83057 ,13785 ,3405 ,30267 ,2115 ,0 ,23209 ,590 ,0 ,2046 ,16324 ,0 ,467 ,0 ,0 ,0 ,695 ,0 ,43649 ,3693 ,0 ,0 ,198205 ,12981 ,0 ,357 ,16762 ,0 ,0 ,0 ,0 ,16609 ,5624 ,0 ,3643 ,0 ,2141 ,19526 ,54219 ,94059 ,0 ,125859 ,122027 ,0 ,0 ,0 ,0 ,0 ,0 ,0 ,247763 ,28638 ,0 ,42245 ,5332 ,0 ,29331 ,32096 ,100576 ,285578 ,1606 ,0 ,0 ,198002 ,15753 ,186 ,1365 ,0 ,45058 ,5348 ,4399 ,0 ,39249 ,0 ,46437 ,0 ,0 ,0 ,386195 ,18343 ,0 ,680 ,0 ,0 ,2502 ,0 ,92802 ,0 ,8169 ,0 ,0 ,5474 ,0 ,5962 ,2979 ,32667 ,1881 ,530 ,49218 ,0 ,1046 ,74484 ,1160 ,0 ,47072 ,1192 ,237921 ,0 ,0 ,294100 ,0 ,0 ,0 ,16261 ,3465 ,2226 ,0 ,437 ,0 ,0 ,15740 ,2704 ,188178 ,14083 ,0 ,580 ,56923 ,70273 ,1723 ,19273 ,1417 ,0 ,4274 ,0 ,382 ,2931 ,6500 ,1678 ,0 ,671 ,717 ,1800 ,0 ,180339 ,1417 ,0 ,0 ,4495 ,4134 ,141945 ,458316 ,7777 ,951 ,12969 ,71719 ,1301580 ,1852873 ,465757 ,2304 ,84415 ,164693 ,480221 ,0 ,3703 ,1539540 ,2662 ,5597 ,8561 ,2169 ,59796 ,1918 ,0 ,58141 ,0 ,83792 ,0 ,743 ,50781 ,1701 ,2077 ,6994 ,80172 ,37691 ,245604 ,5811 ,31545 ,24085 ,3021 ,0 ,0 ,595898 ,0 ,2665 ,0 ,128210 ,0 ,388352 ,0 ,0 ,2491 ,0 ,0 ,2254574 ,0 ,0 ,52890 ,2979 ,16840 ,28287 ,0 ,2167 ,0 ,5722 ,10292 ,3171 ,0 ,0 ,0 ,47887 ,0 ,2022 ,0 ,0 ,0 ,243741 ,1455482 ,496 ,1186 ,385411 ,562 ,0 ,5723 ,0 ,5158 ,0 ,0 ,3722 ,10580 ,0 ,0 ,12374 ,3201 ,4467 ,0 ,0 ,0 ,0 ,0 ,0 ,14073 ,0 ,5618 ,1974 ,0 ,0 ,0 ,836 ,0 ,0 ,2818 ,0 ,496 ,0 ,41247 ,15448 ,839 ,6843344 ,0 ,0 ,1438 ,0 ,142792 ,16703 ,1237 ,0 ,0 ,4345 ,0 ,0 ,0 ,11697 ,32852 ,1115 ,328850 ,28381 ,108209 ,663699 ,4770 ,29677 ,24342 ,865 ,0 ,198055 ,5367 ,6923 ,0 ,4015 ,1593 ,13107 ,470 ,0 ,6600 ,0 ,91 ,659 ,1915 ,0 ,0 ,3120 ,76387 ,0 ,688 ,58924 ,4828 ,8339 ,52213 ,1062 ,8280 ,38673 ,49826 ,302 ,0 ,213016 ,635205 ,25634 ,473740 ,0 ,7090 ,2254 ,3479 ,1293964 ,0 ,0 ,5450 ,0 ,71904 ,4809 ,1471 ,59475 ,46346 ,0 ,301699 ,0 ,1780 ,14700 ,0 ,24908 ,0 ,55525 ,0 ,9463 ,322 ,0 ,3072 ,2156 ,5777 ,17724 ,14815 ,3349 ,3349 ,98 ,2218 ,50060 ,0 ,1223030 ,0 ,62430 ,0 ,59132 ,0 ,90220 ,4034 ,2979 ,6115 ,60606 ,0 ,1422 ,1520 ,1520 ,483 ,0 ,13045 ,0 ,0 ,23336 ,0 ,0 ,37628 ,117806 ,0 ,36228 ,58977 ,752740 ,4687 ,24937 ,8244 ,52790 ,30054 ,939699 ,0 ,15347 ,7080 ,1115 ,0 ,0 ,2569 ,2273 ,0 ,0 ,0 ,1055 ,0 ,0 ,1023098 ,0 ,2343 ,60552 ,581019 ,361442 ,0 ,41682 ,2651 ,7295 ,4077 ,0 ,1261 ,8039 ,0 ,2436 ,0 ,11936 ,192237 ,1444 ,0 ,2089 ,8331 ,16200 ,1110 ,13162 ,10681 ,0 ,3926 ,0 ,0 ,0 ,4496 ,0 ,15868 ,0 ,0 ,1644097 ,1048 ,221322 ,1156895 ,1542686 ,476 ,23253 ,536 ,0 ,0 ,0 ,14129 ,6948 ,28808 ,3143 ,299314 ,23811 ,5477 ,9643 ,56518 ,0 ,0 ,27050 ,0 ,4404435 ,0 ,0 ,0 ,4033 ,496 ,0 ,228707 ,0 ,123927 ,0 ,0 ,71090 ,4051 ,0 ,97350 ,2040 ,6596728 ,0 ,102539 ,3104 ,2181 ,2059 ,0 ,0 ,0 ,29939 ,28482 ,17757 ,3372 ,214300 ,2561 ,258 ,0 ,13156 ,7774 ,449 ,0 ,0 ,9614 ,9614 ,9317734 ,202476 ,8937 ,2888 ,272287 ,1473701 ,11113 ,0 ,815 ,9355 ,172111 ,1045 ,36312 ,0 ,10505 ,33791 ,1290 ,1065 ,0 ,0 ,321 ,0 ,5437671 ,0 ,26139 ,4962245 ,204016 ,27703 ,3050 ,0 ,438206 ,0 ,13935 ,276 ,0 ,0 ,0 ,2512 ,0 ,80398 ,7339 ,4482 ,0 ,5202 ,35360 ,6591 ,0 ,1339 ,1755 ,0 ,0 ,0 ,0 ,0 ,225874 ,0 ,1574130 ,0 ,1115 ,159928048 ,0 ,9473 ,644 ,1960 ,186777 ,0 ,0 ,1622 ,490791 ,3163 ,16734 ,0 ,9456 ,0 ,0 ,0 ,0 ,2735 ,303117 ,6282 ,51802 ,0 ,0 ,0 ,0 ,0 ,480 ,0 ,0 ,2530 ,1332 ,0 ,1726 ,755704 ,3771 ,30813 ,331 ,0 ,0 ,0 ,4784 ,0 ,0 ,25599 ,30005 ,10099 ,46304 ,133364 ,0 ,455550 ,27739 ,496 ,0 ,0 ,0 ,15956 ,85918 ,412 ,0 ,0 ,0 ,875301 ,877 ,0 ,1271 ,0 ,47208 ,20817 ,7231 ,0 ,4268 ,100021 ,0 ,0 ,0 ,0 ,5255 ,6066 ,10995 ,0 ,2135 ,10834 ,22761 ,3601 ,0 ,0 ,4073 ,0 ,35936025 ,2639168 ,3148537 ,42401 ,754011 ,3255672 ,146042 ,0 ,0 ,68040 ,5893 ,0 ,13241 ,50147 ,5340 ,0 ,0 ,0 ,0 ,0 ,104919 ,108581 ,0 ,65266 ,0 ,0 ,444040 ,0 ,34923 ,0 ,501 ,0 ,59174 ,0 ,5312 ,0 ,0 ,0 ,0 ,1112 ,41368 ,2792 ,88314 ,1234 ,94897 ,15768 ,65596 ,0 ,0 ,212608 ,941653 ,0 ,10303 ,0 ,0 ,7210 ,0 ,1264 ,0 ,75370 ,0 ,8199871 ,74702 ,42855 ,744 ,302773 ,7524 ,503 ,6802 ,62371 ,0 ,0 ,0 ,0 ,87987 ,0 ,0 ,0 ,4932 ,55049 ,0 ,69760 ,0 ,12103 ,0 ,0 ,45472 ,1194082 ,19020 ,0 ,19854 ,810463 ,0 ,29401 ,2169 ,15392 ,642235 ,0 ,0 ,0 ,0 ,96148 ,143675 ,9797 ,0 ,0 ,70274 ,220155 ,300420 ,38690 ,93165 ,6540 ,496 ,75224 ,2227146 ,0 ,780 ,3344 ,177395 ,0 ,269857 ,10052 ,21770 ,10711 ,18258 ,0 ,2089 ,8391 ,80818 ,3087 ,6707 ,52429 ,1789 ,0 ,2165 ,528 ,1565 ,0 ,10040 ,35747 ,5595 ,1513739 ,6305582 ,792 ,1571588 ,3796 ,39828 ,828 ,0 ,1115 ,0 ,0 ,0 ,303169 ,0 ,783 ,0 ,92561 ,6144 ,62535 ,382 ,0 ,122159 ,0 ,0 ,19371 ,570 ,0 ,0 ,0 ,2105 ,1135227 ,0 ,0 ,0 ,919 ,18935 ,3237 ,0 ,0 ,0 ,9370 ,0 ,2603 ,1628 ,0 ,0 ,0 ,2354 ,18593 ,21447 ,93887 ,351290308 ,0 ,0 ,6073 ,0 ,0 ,0 ,3215 ,2621 ,373079 ,14173 ,12189 ,46739 ,0 ,28588 ,0 ,498 ,0 ,2089 ,2089 ,221049 ,14756 ,286 ,5179 ,1647 ,11477 ,0 ,0 ,0 ,131583 ,3583 ,19286 ,0 ,0 ,65437 ,0 ,2299 ,9726 ,42521 ,12812 ,5420 ,0 ,1215 ,103872 ,0 ,4000 ,67427 ,0 ,964 ,0 ,0 ,117989 ,701 ,0 ,290216 ,251000 ,0 ,0 ,161572 ,2115 ,1207 ,0 ,2191 ,0 ,58874 ,660 ,0 ,1878 ,2167 ,0 ,8699 ,69165 ,0 ,1466 ,5731 ,0 ,24577 ,6005 ,2083 ,0 ,21983 ,389835 ,0 ,1494 ,1494 ,7095 ,90886 ,276 ,137991 ,0 ,7921 ,3788 ,8199 ,0 ,0 ,0 ,0 ,15620 ,4331 ,7003 ,0 ,19238 ,48453 ,664 
2017-09-01,3228 ,5270 ,21334 ,606 ,1252 ,0 ,0 ,0 ,1735 ,1882 ,650 ,806 ,16760 ,0 ,1545 ,0 ,706 ,0 ,0 ,357120 ,19192 ,0 ,21140 ,0 ,24680 ,1422 ,14208 ,121884 ,870 ,202 ,7854 ,0 ,70059 ,0 ,0 ,12748 ,0 ,233242 ,0 ,0 ,1100 ,4385 ,0 ,1828 ,0 ,9858 ,49357 ,404 ,4041 ,0 ,0 ,236535 ,0 ,0 ,2934395 ,0 ,5746 ,0 ,2448 ,37799788 ,0 ,0 ,1298 ,0 ,14422 ,185947 ,7394 ,4753 ,0 ,8947 ,0 ,0 ,110103 ,0 ,0 ,3767 ,3732 ,951 ,9466 ,13578 ,0 ,0 ,28012 ,0 ,0 ,734 ,236430 ,703 ,1339 ,0 ,0 ,1262 ,1134 ,0 ,0 ,6077 ,378566 ,218921 ,0 ,300 ,6215 ,0 ,0 ,2390 ,707 ,28148 ,0 ,93794 ,0 ,0 ,121037 ,0 ,6151 ,0 ,38343 ,12736 ,472158 ,11169 ,33458 ,0 ,298739 ,0 ,2808 ,0 ,4482 ,1217 ,43820 ,174874 ,1257 ,0 ,0 ,6141 ,7388 ,489124 ,555 ,121306 ,19958 ,627 ,4041 ,0 ,0 ,0 ,27895 ,1690 ,13641 ,2559 ,4031 ,1526480 ,53157 ,0 ,13203 ,0 ,0 ,1093 ,54996 ,0 ,0 ,0 ,0 ,502311 ,1085 ,16069 ,73448 ,5676 ,0 ,0 ,0 ,13368 ,0 ,2248 ,1096 ,0 ,2143 ,0 ,6551 ,0 ,0 ,12623 ,563469 ,0 ,0 ,1489870 ,89581 ,17476 ,2884 ,22611 ,1448 ,0 ,20290 ,780 ,0 ,1079 ,5283 ,0 ,2397 ,0 ,0 ,0 ,1291 ,0 ,58602 ,2467 ,0 ,0 ,227138 ,10040 ,0 ,2274 ,3994 ,0 ,0 ,0 ,2312 ,30917 ,396 ,0 ,5051 ,828 ,9685 ,27569 ,56487 ,120036 ,0 ,82251 ,116867 ,0 ,0 ,0 ,0 ,0 ,0 ,0 ,259578 ,49651 ,0 ,25895 ,5329 ,0 ,28804 ,25076 ,136011 ,334022 ,1434 ,0 ,0 ,223449 ,4730 ,1525 ,502 ,0 ,57343 ,7163 ,3188 ,0 ,37637 ,0 ,43775 ,0 ,0 ,0 ,424527 ,14190 ,0 ,594 ,0 ,0 ,1929 ,0 ,85985 ,0 ,5952 ,0 ,0 ,7823 ,0 ,8301 ,1099 ,41375 ,2774 ,0 ,53154 ,0 ,300 ,63802 ,2449 ,396 ,38132 ,755 ,347178 ,0 ,0 ,231988 ,0 ,0 ,0 ,11249 ,5359 ,5499 ,1064 ,723 ,1215 ,0 ,20317 ,2989 ,218202 ,5861 ,0 ,1006 ,52131 ,96609 ,895 ,18745 ,4488 ,0 ,6480 ,3426 ,1479 ,1423 ,8252 ,1976 ,271 ,1753 ,0 ,577 ,0 ,161658 ,1710 ,0 ,0 ,4161 ,5505 ,123019 ,392349 ,5885 ,2682 ,13400 ,107416 ,1356670 ,1780002 ,395820 ,15342 ,65705 ,170797 ,195254 ,0 ,2492 ,1535420 ,1194 ,4690 ,2301 ,5916 ,54377 ,1776 ,0 ,72466 ,0 ,74836 ,0 ,396 ,56824 ,1434 ,1795 ,11496 ,117412 ,47868 ,267198 ,9268 ,7600 ,10616 ,3137 ,0 ,0 ,678775 ,0 ,1673 ,963 ,130888 ,0 ,468899 ,0 ,0 ,1784 ,0 ,0 ,2545517 ,0 ,0 ,41092 ,2572 ,26744 ,26578 ,0 ,3201 ,0 ,6748 ,10735 ,1275 ,0 ,0 ,0 ,47568 ,219 ,0 ,0 ,0 ,0 ,251091 ,1207847 ,963 ,1198 ,376471 ,2393 ,0 ,4659 ,0 ,7733 ,0 ,0 ,4217 ,2110 ,0 ,0 ,13426 ,1464 ,830 ,0 ,4203 ,0 ,0 ,0 ,0 ,6127 ,0 ,5049 ,1085 ,0 ,0 ,0 ,438 ,0 ,0 ,1780 ,0 ,0 ,0 ,37136 ,16707 ,1450 ,6973915 ,0 ,0 ,1817 ,0 ,145722 ,15018 ,1605 ,0 ,0 ,8256 ,0 ,0 ,0 ,5650 ,23971 ,2808 ,378222 ,12914 ,90213 ,835114 ,2229 ,30237 ,30164 ,393 ,0 ,150570 ,5132 ,3155 ,0 ,2178 ,1621 ,11288 ,370 ,0 ,4073 ,0 ,801 ,422 ,3046 ,0 ,677 ,2644 ,57852 ,0 ,1384 ,60886 ,3244 ,3926 ,30826 ,956 ,8990 ,38088 ,51522 ,219 ,0 ,205622 ,633657 ,28978 ,518725 ,0 ,4580 ,2414 ,5518 ,1293042 ,0 ,0 ,4635 ,0 ,134873 ,1323 ,193 ,52287 ,42637 ,0 ,211166 ,0 ,0 ,25129 ,0 ,42729 ,421 ,24405 ,0 ,3352 ,269 ,0 ,1542 ,1118 ,158 ,27500 ,20077 ,1794 ,1794 ,1236 ,698 ,47966 ,0 ,1145301 ,0 ,71539 ,0 ,77011 ,0 ,85663 ,2956 ,1024 ,2228 ,55240 ,0 ,834 ,8280 ,8280 ,0 ,0 ,9979 ,0 ,0 ,13478 ,0 ,0 ,48570 ,88409 ,0 ,50761 ,134456 ,826146 ,10312 ,24388 ,11504 ,106994 ,11982 ,759738 ,0 ,20292 ,8260 ,1006 ,0 ,0 ,3063 ,0 ,0 ,7047 ,0 ,4930 ,0 ,0 ,974822 ,0 ,2096 ,64916 ,625159 ,301788 ,0 ,59751 ,1805 ,5217 ,3364 ,0 ,3921 ,4788 ,0 ,3783 ,0 ,23210 ,181308 ,1544 ,0 ,0 ,8405 ,17943 ,1100 ,11107 ,8007 ,0 ,5799 ,0 ,0 ,0 ,1446 ,0 ,5506 ,0 ,0 ,1612996 ,0 ,104644 ,1123651 ,1918543 ,0 ,23246 ,319 ,0 ,0 ,0 ,8230 ,4584 ,27201 ,6399 ,223365 ,26663 ,1906 ,24032 ,66848 ,0 ,0 ,22229 ,0 ,5355273 ,0 ,0 ,0 ,1705 ,0 ,0 ,272191 ,0 ,158934 ,0 ,0 ,55679 ,4308 ,0 ,123193 ,2476 ,7273502 ,0 ,87729 ,1717 ,1807 ,1394 ,0 ,0 ,0 ,34838 ,41709 ,20985 ,8256 ,193023 ,705 ,9177 ,0 ,2225 ,982 ,1428 ,0 ,0 ,7756 ,7756 ,9089353 ,225502 ,4005 ,2917 ,267110 ,1480453 ,33952 ,0 ,676 ,7291 ,171287 ,2452 ,41734 ,1130 ,10138 ,45038 ,244 ,7851 ,3768 ,0 ,265 ,0 ,5397203 ,0 ,23125 ,4950252 ,255955 ,25563 ,4771 ,0 ,532477 ,0 ,11831 ,275 ,0 ,0 ,0 ,630 ,0 ,123549 ,10811 ,2901 ,0 ,5132 ,69093 ,3084 ,0 ,0 ,3828 ,0 ,0 ,0 ,1073 ,0 ,182031 ,0 ,1846657 ,0 ,0 ,160706662 ,0 ,2163 ,2757 ,2345 ,136671 ,0 ,0 ,1450 ,473489 ,4420 ,11042 ,721 ,15327 ,0 ,0 ,0 ,756 ,2216 ,323841 ,12132 ,50585 ,0 ,0 ,0 ,0 ,0 ,859 ,0 ,0 ,2535 ,2076 ,0 ,3612 ,703425 ,4646 ,31768 ,2459 ,0 ,0 ,0 ,2004 ,0 ,0 ,20895 ,27833 ,5203 ,26607 ,108081 ,0 ,520236 ,5622 ,0 ,0 ,0 ,0 ,1506 ,79216 ,1591 ,0 ,0 ,0 ,652595 ,6008 ,1902 ,2409 ,0 ,23017 ,17422 ,9170 ,0 ,3922 ,125167 ,0 ,0 ,0 ,0 ,3455 ,5080 ,24885 ,1156 ,1179 ,10764 ,23887 ,4083 ,0 ,0 ,7954 ,0 ,36102128 ,2785505 ,2920710 ,59349 ,859101 ,3214924 ,175578 ,0 ,0 ,89729 ,5418 ,0 ,12777 ,34184 ,1861 ,0 ,0 ,0 ,0 ,0 ,94456 ,191924 ,0 ,71607 ,0 ,0 ,446120 ,0 ,42133 ,0 ,1265 ,0 ,59771 ,0 ,2490 ,0 ,0 ,0 ,0 ,1405 ,43001 ,8108 ,77862 ,0 ,123430 ,9084 ,79996 ,0 ,0 ,204762 ,990740 ,0 ,13139 ,0 ,0 ,3487 ,219 ,0 ,0 ,75785 ,0 ,7948232 ,82611 ,73817 ,240 ,283833 ,11682 ,245 ,7540 ,68615 ,1814 ,0 ,0 ,0 ,84450 ,0 ,0 ,0 ,9461 ,49976 ,0 ,79075 ,0 ,12462 ,0 ,0 ,41129 ,1369550 ,15664 ,0 ,22617 ,757122 ,0 ,17354 ,816 ,17260 ,710755 ,0 ,818 ,0 ,0 ,116932 ,165103 ,7749 ,0 ,0 ,109633 ,216752 ,345755 ,43220 ,87506 ,4413 ,219 ,89685 ,2512453 ,0 ,730 ,3910 ,208599 ,0 ,234007 ,11958 ,20548 ,17503 ,64305 ,0 ,1752 ,1761 ,81505 ,7602 ,8743 ,80605 ,2792 ,0 ,1103 ,422 ,650 ,0 ,10713 ,27964 ,3569 ,1943773 ,6100773 ,1866 ,1346622 ,1210 ,46980 ,4266 ,0 ,1197 ,0 ,0 ,0 ,300387 ,0 ,1450 ,0 ,83247 ,6596 ,50222 ,337 ,1434 ,133297 ,2671 ,0 ,27324 ,7710 ,0 ,0 ,0 ,2813 ,1353251 ,0 ,0 ,0 ,2053 ,13765 ,1710 ,0 ,0 ,0 ,9133 ,0 ,1807 ,1871 ,0 ,0 ,0 ,3067 ,17792 ,6091 ,89020 ,348301705 ,0 ,0 ,5073 ,0 ,1384 ,0 ,2370 ,8448 ,390395 ,13581 ,13443 ,42695 ,0 ,28435 ,0 ,1265 ,0 ,963 ,562 ,203295 ,42122 ,2118 ,6150 ,3317 ,9750 ,0 ,0 ,0 ,146569 ,11014 ,21238 ,0 ,0 ,63379 ,0 ,5369 ,5818 ,37613 ,10615 ,1292 ,0 ,3943 ,102431 ,0 ,4406 ,69590 ,0 ,678 ,0 ,0 ,106178 ,316 ,0 ,857698 ,286984 ,0 ,0 ,148521 ,0 ,667 ,0 ,737 ,0 ,64462 ,0 ,0 ,1489 ,1923 ,0 ,16674 ,68030 ,0 ,2385 ,5803 ,1902 ,22089 ,4483 ,1326 ,0 ,6293 ,308879 ,0 ,2414 ,2414 ,7417 ,47540 ,0 ,192150 ,717 ,7798 ,0 ,10736 ,0 ,0 ,0 ,0 ,19440 ,1850 ,0 ,0 ,6194 ,41689 ,404 
2017-10-01,1333 ,3394 ,12859 ,2054 ,520 ,0 ,0 ,0 ,0 ,1582 ,373 ,2364 ,10096 ,0 ,873 ,0 ,396 ,0 ,0 ,434267 ,14278 ,0 ,18633 ,0 ,30673 ,1976 ,15396 ,106899 ,1053 ,779 ,254 ,0 ,72585 ,0 ,0 ,6423 ,0 ,271276 ,0 ,0 ,121 ,4656 ,0 ,4831 ,0 ,5176 ,52286 ,230 ,2204 ,0 ,384 ,260412 ,0 ,0 ,3035479 ,0 ,4239 ,0 ,1481 ,38206884 ,0 ,0 ,807 ,0 ,7014 ,175470 ,2909 ,1380 ,0 ,7927 ,0 ,0 ,130139 ,0 ,63 ,1756 ,1167 ,2433 ,10466 ,13573 ,0 ,0 ,26497 ,0 ,0 ,1729 ,247435 ,1696 ,0 ,0 ,0 ,4149 ,3851 ,0 ,0 ,2921 ,425422 ,243930 ,0 ,2056 ,6042 ,0 ,0 ,2929 ,361 ,16626 ,0 ,115271 ,0 ,0 ,138039 ,0 ,13492 ,0 ,51495 ,5757 ,601410 ,9248 ,44007 ,0 ,324204 ,0 ,4199 ,12142 ,3549 ,1732 ,56071 ,208046 ,303 ,0 ,0 ,6725 ,4477 ,509027 ,482 ,128933 ,11847 ,291 ,3907 ,0 ,0 ,0 ,31433 ,2524 ,11020 ,2122 ,1535 ,1643152 ,44094 ,0 ,29581 ,0 ,0 ,3396 ,47854 ,0 ,1204 ,0 ,0 ,506656 ,1551 ,14068 ,75628 ,6791 ,0 ,0 ,0 ,12715 ,0 ,1649 ,632 ,0 ,252 ,0 ,2371 ,0 ,0 ,10156 ,625327 ,0 ,219 ,1585806 ,89612 ,9916 ,1457 ,43105 ,4988 ,0 ,26304 ,185 ,0 ,3813 ,3074 ,0 ,1925 ,0 ,257 ,0 ,463 ,0 ,52192 ,2857 ,0 ,0 ,251060 ,13215 ,0 ,3176 ,1821 ,0 ,0 ,7119 ,5282 ,34567 ,3152 ,0 ,1635 ,932 ,8343 ,37209 ,54877 ,101651 ,0 ,95808 ,89662 ,0 ,0 ,0 ,0 ,0 ,0 ,0 ,277474 ,60530 ,0 ,30125 ,2209 ,5000 ,57467 ,39898 ,127211 ,723053 ,0 ,0 ,25548 ,236611 ,4967 ,0 ,0 ,0 ,80630 ,4572 ,4252 ,535 ,47339 ,0 ,62979 ,0 ,0 ,0 ,438285 ,8357 ,0 ,552 ,0 ,0 ,2313 ,0 ,102803 ,526 ,2722 ,0 ,0 ,6050 ,0 ,4151 ,507 ,49874 ,2128 ,0 ,57676 ,0 ,1516 ,67458 ,6034 ,320 ,34739 ,0 ,439281 ,0 ,0 ,239370 ,0 ,0 ,0 ,8828 ,1282 ,3225 ,15637 ,2136 ,0 ,0 ,15979 ,1219 ,197788 ,9024 ,0 ,1121 ,70848 ,77406 ,735 ,11805 ,3522 ,0 ,6666 ,3319 ,1278 ,2109 ,1290 ,1884 ,1979 ,909 ,0 ,1342 ,0 ,93606 ,909 ,0 ,0 ,1972 ,5116 ,137525 ,381878 ,6560 ,2306 ,15070 ,145746 ,1459397 ,1729102 ,378426 ,20174 ,93281 ,171885 ,144428 ,0 ,9102 ,1646347 ,1021 ,4604 ,11683 ,10027 ,40637 ,1227 ,0 ,58271 ,0 ,48679 ,0 ,0 ,68716 ,953 ,301 ,12560 ,92088 ,41351 ,296027 ,14519 ,20572 ,15994 ,3558 ,0 ,0 ,700924 ,0 ,1783 ,320 ,217241 ,0 ,456944 ,0 ,0 ,543 ,0 ,0 ,2729798 ,0 ,0 ,68440 ,2035 ,44094 ,21567 ,0 ,1174 ,2237 ,6980 ,6980 ,3459 ,0 ,0 ,0 ,49468 ,702 ,0 ,0 ,0 ,0 ,349554 ,1000119 ,320 ,717 ,370000 ,1657 ,0 ,1695 ,0 ,5477 ,0 ,0 ,0 ,170 ,0 ,0 ,10630 ,3128 ,3596 ,0 ,1897 ,0 ,0 ,0 ,0 ,7854 ,0 ,5114 ,836 ,0 ,0 ,3385 ,123 ,0 ,0 ,574 ,0 ,0 ,0 ,39863 ,37059 ,53153 ,3759390 ,0 ,0 ,1093 ,0 ,191606 ,12221 ,1108 ,0 ,0 ,3849 ,0 ,196 ,0 ,6503 ,29735 ,0 ,389356 ,2922 ,74790 ,905141 ,2982 ,27827 ,20854 ,474 ,0 ,163188 ,3205 ,3023 ,0 ,8114 ,357 ,15125 ,1410 ,0 ,2897 ,0 ,366 ,953 ,1913 ,0 ,0 ,1994 ,98824 ,0 ,0 ,225976 ,5131 ,3517 ,35677 ,273 ,11982 ,41950 ,65391 ,0 ,0 ,220297 ,637624 ,20133 ,506800 ,0 ,4809 ,2012 ,24172 ,1200483 ,0 ,0 ,4916 ,0 ,129490 ,1139 ,812 ,65030 ,40234 ,0 ,225448 ,0 ,0 ,41153 ,0 ,34477 ,307 ,45218 ,0 ,4953 ,1138 ,0 ,939 ,1943 ,2109 ,30272 ,21102 ,1019 ,1019 ,564 ,1159 ,40853 ,0 ,1191687 ,0 ,88302 ,0 ,71324 ,0 ,107730 ,2931 ,975 ,2057 ,56868 ,0 ,905 ,170 ,170 ,0 ,0 ,11397 ,0 ,261 ,22688 ,0 ,0 ,80734 ,106028 ,0 ,22537 ,114614 ,729830 ,6239 ,24075 ,13936 ,100528 ,37741 ,744283 ,0 ,2949 ,5138 ,3464 ,0 ,47 ,1653 ,0 ,0 ,11587 ,0 ,933 ,0 ,0 ,900568 ,0 ,1598 ,52741 ,661320 ,313121 ,0 ,57184 ,808 ,1999 ,1061 ,0 ,2253 ,3242 ,0 ,3217 ,0 ,36107 ,160094 ,2027 ,0 ,0 ,11898 ,14032 ,0 ,8717 ,7142 ,0 ,2830 ,0 ,0 ,0 ,7731 ,0 ,28059 ,3556 ,0 ,1453485 ,0 ,57803 ,1121979 ,1914939 ,0 ,38906 ,503 ,2211 ,0 ,0 ,3087 ,4533 ,23191 ,10886 ,226762 ,14456 ,3084 ,30876 ,88391 ,2761 ,0 ,23984 ,0 ,4862115 ,0 ,0 ,0 ,848 ,0 ,47 ,274060 ,0 ,133123 ,0 ,0 ,70308 ,3253 ,0 ,131954 ,1419 ,8024497 ,0 ,85975 ,796 ,1560 ,2580 ,0 ,2612 ,0 ,21864 ,26734 ,27940 ,5907 ,197127 ,1660 ,1844 ,0 ,5640 ,909 ,449 ,0 ,0 ,13934 ,13934 ,9929497 ,276596 ,4359 ,1649 ,263931 ,1556775 ,38073 ,0 ,4660 ,14946 ,154580 ,951 ,35838 ,0 ,8878 ,30743 ,0 ,3595 ,11046 ,0 ,80 ,0 ,5209037 ,0 ,22666 ,5803841 ,160275 ,21716 ,2372 ,0 ,469199 ,0 ,14943 ,1041 ,0 ,0 ,0 ,1189 ,0 ,90827 ,11279 ,2368 ,0 ,7353 ,89334 ,7017 ,0 ,0 ,1667 ,320 ,0 ,0 ,626 ,0 ,159457 ,0 ,2004882 ,776 ,0 ,163450040 ,0 ,9906 ,194 ,6753 ,155344 ,0 ,0 ,8658 ,455434 ,4157 ,23742 ,956 ,22063 ,0 ,0 ,0 ,638 ,2606 ,351302 ,7150 ,45532 ,3321 ,0 ,0 ,0 ,0 ,336 ,0 ,0 ,2717 ,488 ,0 ,1075 ,489983 ,1337 ,29166 ,1668 ,0 ,367 ,0 ,1470 ,0 ,0 ,13272 ,29187 ,8661 ,21537 ,115299 ,0 ,492654 ,28998 ,0 ,586 ,0 ,0 ,1375 ,97391 ,1171 ,0 ,0 ,0 ,698988 ,7291 ,320 ,1498 ,961 ,33518 ,10331 ,12647 ,0 ,5659 ,89659 ,0 ,0 ,0 ,0 ,1896 ,3191 ,11069 ,0 ,1491 ,7375 ,31873 ,13376 ,0 ,702 ,5675 ,0 ,35967093 ,3465526 ,2829766 ,62231 ,898109 ,3448184 ,121553 ,0 ,0 ,86806 ,4973 ,0 ,21625 ,35145 ,1906 ,0 ,0 ,0 ,0 ,0 ,95224 ,169980 ,0 ,110027 ,0 ,0 ,454616 ,0 ,47294 ,0 ,633 ,0 ,54588 ,0 ,4562 ,0 ,0 ,769 ,0 ,535 ,52157 ,3799 ,90028 ,0 ,142629 ,4633 ,83964 ,0 ,0 ,173138 ,1034091 ,0 ,15252 ,0 ,0 ,5039 ,391 ,0 ,0 ,77620 ,0 ,7783306 ,34887 ,48118 ,170 ,357190 ,8148 ,2036 ,6570 ,79229 ,9969 ,0 ,5195 ,0 ,98789 ,0 ,0 ,324 ,5542 ,42222 ,0 ,88584 ,0 ,11705 ,0 ,0 ,59271 ,1369247 ,10419 ,0 ,32276 ,683235 ,0 ,20991 ,1997 ,24957 ,756215 ,0 ,325 ,119 ,0 ,208596 ,156517 ,9962 ,0 ,0 ,107133 ,317713 ,370360 ,28598 ,117307 ,3660 ,1278 ,86597 ,2688518 ,0 ,251 ,1831 ,199059 ,1024 ,221934 ,5884 ,24283 ,20041 ,34495 ,0 ,934 ,813 ,90723 ,3281 ,9276 ,75671 ,0 ,0 ,306 ,194 ,969 ,73 ,18063 ,22886 ,3486 ,2427672 ,5674603 ,5400 ,1411101 ,2554 ,45938 ,421 ,0 ,3461 ,0 ,0 ,0 ,333330 ,0 ,4791 ,0 ,154652 ,0 ,54313 ,202 ,320 ,126255 ,4300 ,907 ,16404 ,2526 ,0 ,0 ,0 ,3311 ,1406165 ,0 ,0 ,0 ,5517 ,11107 ,4115 ,0 ,0 ,0 ,10122 ,715 ,2622 ,645 ,0 ,0 ,0 ,2306 ,22456 ,3952 ,82581 ,342239251 ,0 ,0 ,5608 ,0 ,0 ,0 ,6800 ,1592 ,448476 ,10199 ,10452 ,35363 ,0 ,23884 ,0 ,0 ,0 ,545 ,685 ,229381 ,29738 ,2590 ,4060 ,2842 ,18962 ,0 ,0 ,0 ,139196 ,11989 ,25915 ,0 ,0 ,48885 ,0 ,1194 ,6858 ,48166 ,8120 ,609 ,0 ,1776 ,105074 ,0 ,8920 ,55858 ,0 ,264 ,0 ,0 ,80410 ,235 ,0 ,607710 ,306852 ,0 ,0 ,174757 ,0 ,700 ,0 ,688 ,0 ,69277 ,0 ,0 ,1916 ,1092 ,0 ,28538 ,70736 ,0 ,1936 ,6111 ,189 ,17695 ,3324 ,1929 ,0 ,26697 ,314376 ,0 ,1920 ,1920 ,7906 ,54021 ,0 ,261213 ,1087 ,11324 ,0 ,15277 ,303 ,0 ,0 ,0 ,20436 ,15351 ,0 ,0 ,7150 ,37743 ,689 
2017-11-01,197 ,6482 ,7629 ,0 ,707 ,0 ,0 ,0 ,0 ,2165 ,184 ,1560 ,18773 ,0 ,1856 ,0 ,0 ,0 ,0 ,351952 ,14233 ,463 ,21397 ,0 ,22110 ,2245 ,12654 ,79191 ,597 ,1586 ,1025 ,0 ,79025 ,0 ,0 ,5765 ,581 ,282874 ,0 ,0 ,302 ,3743 ,395 ,3526 ,0 ,7869 ,38668 ,1140 ,4742 ,0 ,0 ,260730 ,0 ,0 ,3292339 ,0 ,9391 ,0 ,1254 ,38052295 ,0 ,0 ,538 ,0 ,10221 ,194639 ,1378 ,17715 ,0 ,13765 ,0 ,0 ,109877 ,0 ,502 ,4928 ,757 ,705 ,10362 ,18435 ,0 ,0 ,14621 ,0 ,0 ,853 ,239419 ,590 ,0 ,0 ,1342 ,1662 ,1562 ,0 ,0 ,2503 ,480525 ,214675 ,0 ,545 ,6192 ,0 ,0 ,4771 ,45 ,10528 ,0 ,130331 ,0 ,292 ,152011 ,0 ,6012 ,0 ,70512 ,10482 ,672883 ,11174 ,43088 ,0 ,294599 ,0 ,1401 ,1645 ,3384 ,1009 ,62516 ,295416 ,1215 ,0 ,0 ,7199 ,3074 ,506903 ,11760 ,173133 ,20609 ,0 ,5016 ,0 ,0 ,0 ,27301 ,1617 ,12207 ,2245 ,1097 ,1729932 ,50279 ,0 ,28715 ,0 ,0 ,152 ,42759 ,0 ,143 ,0 ,0 ,522878 ,653 ,13551 ,62504 ,2671 ,0 ,0 ,0 ,32796 ,0 ,2524 ,3435 ,0 ,1133 ,0 ,8124 ,0 ,45 ,10792 ,575681 ,0 ,0 ,1626945 ,77582 ,17329 ,702 ,34009 ,13298 ,0 ,21387 ,2388 ,0 ,1760 ,148 ,0 ,2886 ,0 ,0 ,0 ,109 ,0 ,99183 ,4359 ,0 ,0 ,234446 ,15482 ,0 ,11087 ,2958 ,0 ,0 ,7665 ,2343 ,41950 ,1119 ,0 ,4920 ,1121 ,7084 ,26706 ,60881 ,99309 ,0 ,93765 ,111789 ,0 ,292 ,0 ,0 ,0 ,0 ,0 ,253584 ,82188 ,0 ,32734 ,6634 ,826 ,32138 ,33173 ,106981 ,752292 ,0 ,0 ,31792 ,219853 ,10738 ,0 ,0 ,0 ,52317 ,2699 ,3847 ,191 ,33885 ,0 ,61441 ,570 ,0 ,0 ,452967 ,10282 ,0 ,1875 ,0 ,0 ,1290 ,0 ,68883 ,655 ,1832 ,263 ,0 ,10370 ,1192 ,5123 ,981 ,39591 ,2060 ,720 ,61768 ,0 ,2281 ,70429 ,496 ,292 ,32998 ,0 ,496381 ,0 ,0 ,232731 ,0 ,0 ,0 ,14506 ,8836 ,3231 ,1193 ,1377 ,0 ,0 ,20235 ,1578 ,168502 ,26150 ,0 ,0 ,42013 ,69752 ,335 ,11821 ,16558 ,0 ,7029 ,2311 ,2732 ,1764 ,416 ,1775 ,755 ,0 ,158 ,1182 ,0 ,76863 ,1342 ,0 ,0 ,4203 ,8332 ,109176 ,421561 ,5547 ,4808 ,15719 ,158970 ,1538455 ,1718774 ,389488 ,19610 ,64406 ,186630 ,63103 ,0 ,8304 ,1638474 ,1482 ,6324 ,5352 ,8793 ,50462 ,1465 ,0 ,72307 ,0 ,73240 ,0 ,0 ,62334 ,0 ,1613 ,11232 ,125213 ,51414 ,307080 ,21767 ,20101 ,10394 ,2997 ,0 ,0 ,731273 ,0 ,1321 ,826 ,172843 ,0 ,340647 ,0 ,0 ,820 ,0 ,0 ,3140180 ,0 ,0 ,48107 ,1875 ,50279 ,22416 ,0 ,569 ,1851 ,4500 ,11261 ,5786 ,0 ,0 ,0 ,44405 ,1193 ,0 ,0 ,0 ,0 ,619311 ,910466 ,2637 ,6617 ,391021 ,858 ,0 ,4862 ,0 ,5654 ,0 ,0 ,0 ,1712 ,0 ,0 ,16610 ,1602 ,0 ,0 ,359 ,0 ,0 ,0 ,0 ,12912 ,0 ,1968 ,888 ,0 ,0 ,4993 ,2450 ,0 ,0 ,273 ,0 ,0 ,0 ,41456 ,40033 ,24639 ,3612463 ,0 ,0 ,1912 ,0 ,165516 ,5526 ,1952 ,0 ,0 ,3767 ,0 ,213 ,0 ,12660 ,29645 ,0 ,463909 ,1224 ,63428 ,925786 ,3386 ,36084 ,28664 ,1017 ,0 ,145461 ,1616 ,5520 ,0 ,3608 ,556 ,33493 ,188 ,0 ,7478 ,0 ,1100 ,0 ,1805 ,0 ,0 ,5682 ,148558 ,0 ,0 ,213076 ,7658 ,3730 ,55284 ,341 ,7574 ,38509 ,47308 ,0 ,0 ,184668 ,621095 ,16806 ,570189 ,0 ,6603 ,3745 ,10110 ,1373904 ,0 ,0 ,4901 ,0 ,100632 ,2705 ,1519 ,44766 ,32169 ,0 ,144107 ,0 ,495 ,56216 ,0 ,32382 ,0 ,41761 ,0 ,0 ,0 ,0 ,3645 ,1476 ,8843 ,40456 ,15248 ,1965 ,1965 ,9595 ,271 ,53852 ,0 ,1181257 ,0 ,90532 ,0 ,66427 ,0 ,81073 ,4024 ,1519 ,1320 ,62465 ,0 ,1055 ,3484 ,3484 ,2044 ,0 ,9392 ,0 ,0 ,29837 ,0 ,0 ,74376 ,82411 ,0 ,12756 ,121820 ,667722 ,5425 ,42420 ,19454 ,98001 ,24197 ,827246 ,0 ,1624 ,9837 ,6459 ,0 ,45 ,1223 ,1036 ,0 ,7808 ,0 ,1203 ,0 ,0 ,868446 ,0 ,0 ,43997 ,652712 ,337216 ,0 ,95722 ,651 ,2534 ,4773 ,0 ,3039 ,4065 ,0 ,2727 ,0 ,31871 ,164790 ,1739 ,0 ,0 ,10001 ,8615 ,0 ,8547 ,9846 ,0 ,197 ,0 ,0 ,0 ,9812 ,0 ,36658 ,1685 ,840 ,1420863 ,260 ,46460 ,1137452 ,1888880 ,109 ,29858 ,2947 ,1747 ,0 ,0 ,8133 ,5935 ,25651 ,12706 ,240625 ,13748 ,1656 ,23591 ,57765 ,4083 ,0 ,25999 ,0 ,5767690 ,0 ,0 ,0 ,353 ,0 ,45 ,253926 ,0 ,122748 ,0 ,0 ,82209 ,6675 ,0 ,132476 ,2598 ,8279727 ,9503 ,91016 ,1312 ,4420 ,596 ,0 ,592 ,0 ,29928 ,52881 ,28004 ,5699 ,183475 ,722 ,14538 ,0 ,8421 ,1875 ,1131 ,0 ,9310 ,10334 ,10334 ,9790610 ,311727 ,733 ,1677 ,295478 ,1674978 ,54920 ,0 ,4202 ,7292 ,187113 ,2470 ,39338 ,0 ,7781 ,38958 ,0 ,3141 ,10547 ,0 ,0 ,0 ,5304775 ,0 ,27127 ,5611549 ,165461 ,22012 ,2587 ,0 ,447361 ,0 ,9006 ,569 ,0 ,0 ,0 ,309 ,0 ,86877 ,7623 ,1342 ,0 ,7380 ,108079 ,4131 ,0 ,1594 ,826 ,292 ,0 ,0 ,1620 ,0 ,146701 ,0 ,1791696 ,0 ,0 ,166848728 ,0 ,8648 ,0 ,3378 ,255964 ,0 ,0 ,7367 ,467824 ,4057 ,20161 ,237 ,24378 ,0 ,0 ,0 ,992 ,2346 ,355971 ,8243 ,50934 ,4568 ,0 ,0 ,0 ,0 ,191 ,0 ,0 ,3877 ,1721 ,0 ,973 ,580163 ,1738 ,23939 ,1376 ,0 ,309 ,0 ,1756 ,0 ,0 ,10719 ,22004 ,10515 ,14865 ,100736 ,0 ,461377 ,24926 ,1342 ,1528 ,0 ,0 ,1403 ,88019 ,0 ,0 ,0 ,0 ,742187 ,5813 ,826 ,543 ,2013 ,30531 ,33260 ,17494 ,0 ,4883 ,99533 ,0 ,0 ,0 ,0 ,5909 ,4100 ,11758 ,0 ,885 ,14261 ,29687 ,5257 ,4004 ,244 ,3838 ,0 ,35959606 ,2333726 ,2827835 ,45924 ,872813 ,3466774 ,112632 ,0 ,0 ,87784 ,7125 ,0 ,23823 ,25226 ,4309 ,0 ,0 ,0 ,0 ,0 ,107817 ,107752 ,0 ,94462 ,0 ,0 ,437622 ,0 ,47892 ,0 ,1137 ,0 ,58818 ,0 ,2459 ,0 ,0 ,345 ,219 ,1496 ,39878 ,4627 ,95511 ,1977 ,177218 ,5940 ,86229 ,0 ,0 ,175309 ,949026 ,0 ,16911 ,765 ,0 ,9881 ,0 ,356 ,0 ,81524 ,0 ,8006946 ,40218 ,36770 ,0 ,260611 ,8723 ,3310 ,6707 ,69574 ,10885 ,0 ,5574 ,0 ,92173 ,0 ,0 ,0 ,6978 ,48931 ,0 ,99942 ,0 ,9710 ,0 ,0 ,41611 ,1378747 ,14703 ,0 ,25577 ,693046 ,121 ,22842 ,10498 ,19585 ,714910 ,0 ,601 ,217 ,0 ,181463 ,195424 ,6870 ,0 ,0 ,75113 ,269808 ,407656 ,26775 ,111773 ,1168 ,1195 ,87444 ,3096788 ,0 ,1134 ,221 ,176155 ,2252 ,208002 ,16239 ,22405 ,24046 ,31926 ,0 ,1867 ,4062 ,92676 ,2806 ,16625 ,128391 ,0 ,0 ,2176 ,1078 ,11840 ,675 ,28868 ,17001 ,4065 ,2182614 ,5670108 ,4431 ,1509882 ,3452 ,42279 ,634 ,0 ,3786 ,0 ,0 ,0 ,336186 ,0 ,0 ,0 ,115717 ,0 ,48053 ,3110 ,292 ,114837 ,5755 ,826 ,13341 ,3787 ,0 ,0 ,0 ,3514 ,1405690 ,0 ,0 ,0 ,5501 ,8446 ,3428 ,191 ,0 ,0 ,16404 ,0 ,6390 ,2378 ,0 ,0 ,0 ,3066 ,18934 ,3181 ,89300 ,327137237 ,0 ,0 ,23051 ,552 ,0 ,0 ,7068 ,1009 ,357648 ,13935 ,15452 ,28867 ,0 ,24852 ,0 ,0 ,0 ,196 ,1735 ,220679 ,18723 ,4483 ,3662 ,4967 ,28131 ,0 ,0 ,0 ,112030 ,10798 ,42885 ,0 ,0 ,64088 ,0 ,1535 ,5132 ,38435 ,7945 ,5020 ,0 ,2810 ,118665 ,0 ,6882 ,31491 ,230 ,1400 ,0 ,0 ,99174 ,0 ,0 ,303276 ,242559 ,0 ,0 ,163093 ,1416 ,0 ,0 ,1025 ,0 ,90063 ,951 ,9557 ,698 ,1535 ,0 ,28900 ,79028 ,0 ,1615 ,4760 ,610 ,13683 ,4511 ,2147 ,0 ,20905 ,316211 ,0 ,2300 ,2300 ,3728 ,49711 ,0 ,279013 ,134 ,25344 ,2240 ,15929 ,0 ,0 ,0 ,0 ,30939 ,4972 ,856 ,0 ,4517 ,33510 ,292 
2017-12-01,184 ,4038 ,18293 ,0 ,1565 ,0 ,0 ,0 ,294 ,1598 ,980 ,1546 ,19547 ,0 ,1711 ,0 ,0 ,0 ,0 ,356970 ,17651 ,81 ,12968 ,0 ,10876 ,2505 ,9795 ,87547 ,724 ,1715 ,4307 ,0 ,86635 ,0 ,0 ,5805 ,516 ,279106 ,0 ,0 ,0 ,4134 ,0 ,5953 ,0 ,7241 ,51433 ,1398 ,4296 ,0 ,0 ,218615 ,0 ,0 ,3326055 ,0 ,12859 ,0 ,1230 ,38841125 ,0 ,0 ,675 ,0 ,12840 ,158024 ,1209 ,4449 ,0 ,6877 ,0 ,0 ,106017 ,0 ,0 ,2365 ,2114 ,4435 ,21717 ,5917 ,0 ,0 ,13857 ,0 ,0 ,1244 ,273944 ,3635 ,0 ,0 ,180 ,858 ,1498 ,0 ,0 ,3415 ,563155 ,212247 ,814 ,0 ,3486 ,0 ,0 ,2996 ,43 ,11593 ,0 ,119140 ,0 ,0 ,162213 ,0 ,4879 ,0 ,90823 ,16801 ,739555 ,17335 ,34516 ,0 ,422515 ,2503 ,3802 ,1398 ,4333 ,0 ,83348 ,624772 ,2221 ,0 ,0 ,14407 ,4295 ,481672 ,222 ,240046 ,12509 ,0 ,4565 ,0 ,0 ,0 ,27262 ,1149 ,7898 ,471 ,1760 ,1904586 ,50439 ,0 ,48904 ,0 ,0 ,872 ,43397 ,0 ,294 ,0 ,0 ,519116 ,294 ,41631 ,53379 ,10440 ,0 ,0 ,0 ,58569 ,0 ,3113 ,3774 ,0 ,1084 ,0 ,10964 ,0 ,263 ,8874 ,574643 ,0 ,0 ,1647900 ,120595 ,11118 ,4699 ,47420 ,3375 ,0 ,24992 ,975 ,0 ,3750 ,918 ,0 ,1960 ,0 ,0 ,0 ,1191 ,0 ,104241 ,3759 ,0 ,0 ,298295 ,21725 ,0 ,368 ,0 ,0 ,0 ,1921 ,3597 ,34862 ,1716 ,0 ,4947 ,384 ,6875 ,36814 ,51787 ,134458 ,456 ,75089 ,78986 ,0 ,294 ,0 ,0 ,0 ,0 ,0 ,257278 ,33406 ,0 ,24604 ,4823 ,1335 ,33228 ,32249 ,109575 ,886981 ,872 ,0 ,24450 ,286699 ,9948 ,0 ,0 ,0 ,120733 ,3113 ,1514 ,0 ,26613 ,0 ,53396 ,849 ,0 ,0 ,316106 ,17769 ,0 ,2832 ,0 ,0 ,1542 ,0 ,44354 ,294 ,1380 ,0 ,872 ,9971 ,294 ,4633 ,978 ,43491 ,1813 ,319 ,68792 ,0 ,2045 ,76716 ,1655 ,0 ,37480 ,887 ,398046 ,0 ,0 ,247984 ,0 ,0 ,0 ,11666 ,8379 ,3570 ,704 ,2428 ,178 ,0 ,19150 ,617 ,143617 ,17998 ,1205 ,0 ,64042 ,96998 ,629 ,20872 ,32301 ,0 ,3219 ,808 ,2574 ,1567 ,980 ,1574 ,133 ,0 ,520 ,1606 ,294 ,174782 ,1512 ,0 ,0 ,3129 ,3048 ,100677 ,428423 ,5075 ,6214 ,16487 ,165001 ,1499699 ,1588020 ,372134 ,6377 ,126456 ,177162 ,122912 ,0 ,8119 ,1528917 ,1451 ,4298 ,18065 ,14465 ,50868 ,663 ,0 ,118550 ,0 ,108769 ,0 ,0 ,66794 ,0 ,1448 ,24829 ,155492 ,60210 ,314541 ,14877 ,27064 ,5628 ,4371 ,226 ,0 ,806792 ,0 ,5185 ,1938 ,121149 ,0 ,360501 ,0 ,0 ,1798 ,0 ,0 ,3301437 ,0 ,0 ,73726 ,1035 ,25503 ,21829 ,0 ,1824 ,1398 ,9222 ,7408 ,4685 ,0 ,0 ,0 ,45716 ,758 ,0 ,0 ,0 ,0 ,1610802 ,784833 ,294 ,0 ,409866 ,1849 ,0 ,5876 ,0 ,7250 ,0 ,0 ,9432 ,1309 ,0 ,872 ,9774 ,2664 ,0 ,0 ,4656 ,0 ,0 ,0 ,0 ,4384 ,0 ,5413 ,485 ,0 ,0 ,3486 ,311 ,0 ,0 ,1381 ,0 ,294 ,0 ,48849 ,46102 ,8087 ,3598990 ,0 ,0 ,987 ,0 ,130393 ,8843 ,1197 ,0 ,0 ,3320 ,0 ,0 ,0 ,834 ,31451 ,1485 ,450826 ,3690 ,57353 ,891935 ,648 ,31638 ,56757 ,3445 ,0 ,169423 ,5188 ,3670 ,0 ,5776 ,1996 ,22332 ,0 ,46891 ,5757 ,0 ,213 ,0 ,4015 ,204 ,0 ,3555 ,184977 ,0 ,0 ,198727 ,6367 ,3156 ,25443 ,623 ,11616 ,36028 ,56012 ,0 ,0 ,177568 ,579318 ,22471 ,541747 ,0 ,2645 ,2754 ,9416 ,1382808 ,0 ,0 ,8833 ,0 ,92919 ,3287 ,182 ,33306 ,30129 ,0 ,156908 ,0 ,1938 ,53172 ,0 ,27739 ,0 ,43008 ,0 ,0 ,0 ,65 ,221 ,0 ,19019 ,59870 ,19427 ,169 ,169 ,80 ,872 ,69857 ,0 ,1113294 ,0 ,88439 ,587 ,57108 ,0 ,111665 ,1313 ,2832 ,266 ,62711 ,0 ,1072 ,1879 ,1879 ,2126 ,268 ,7456 ,0 ,0 ,74994 ,0 ,0 ,58092 ,75414 ,0 ,10484 ,129682 ,627421 ,7318 ,41471 ,10082 ,71346 ,63841 ,971882 ,0 ,1559 ,7359 ,5245 ,0 ,1838 ,3008 ,0 ,0 ,6381 ,0 ,1620 ,0 ,0 ,891339 ,0 ,0 ,53195 ,707597 ,384673 ,0 ,68219 ,1006 ,5357 ,2437 ,0 ,1683 ,6344 ,0 ,2177 ,0 ,39939 ,178906 ,0 ,0 ,1398 ,12170 ,9700 ,509 ,8899 ,11691 ,0 ,4300 ,0 ,0 ,0 ,20393 ,0 ,89940 ,1840 ,936 ,1408673 ,97 ,65128 ,1142797 ,1893034 ,0 ,33618 ,1068 ,1426 ,0 ,0 ,1273 ,183 ,21218 ,30722 ,301160 ,12993 ,728 ,15034 ,51843 ,2480 ,0 ,15457 ,0 ,4743605 ,0 ,0 ,0 ,1398 ,0 ,43 ,251904 ,0 ,125998 ,0 ,117 ,57739 ,8334 ,870 ,124408 ,1465 ,7689427 ,4821 ,84068 ,2832 ,4468 ,1044 ,0 ,0 ,0 ,46032 ,59757 ,34893 ,3442 ,166271 ,2954 ,1681 ,488 ,5484 ,9021 ,1133 ,0 ,1162 ,12334 ,12334 ,7196001 ,357592 ,2756 ,4868 ,337049 ,1929491 ,86576 ,0 ,3160 ,4687 ,176952 ,2101 ,35688 ,0 ,4433 ,47743 ,294 ,3440 ,5557 ,0 ,0 ,0 ,5418768 ,0 ,55933 ,5714576 ,159916 ,17757 ,917 ,0 ,463679 ,0 ,11142 ,1739 ,0 ,0 ,0 ,166 ,0 ,123216 ,9973 ,1398 ,294 ,5934 ,109890 ,5348 ,0 ,89 ,5050 ,0 ,0 ,0 ,936 ,0 ,131197 ,0 ,1964169 ,0 ,0 ,162972341 ,0 ,6630 ,0 ,7513 ,274495 ,0 ,0 ,1305 ,504014 ,3402 ,18609 ,611 ,22954 ,0 ,0 ,0 ,3057 ,3832 ,330301 ,3767 ,56626 ,9877 ,0 ,0 ,0 ,313088 ,155 ,0 ,0 ,5400 ,1753 ,0 ,1671 ,644551 ,2243 ,25492 ,4098 ,0 ,288 ,0 ,1938 ,0 ,0 ,7742 ,20601 ,7989 ,19003 ,98392 ,0 ,459965 ,26546 ,0 ,2787 ,0 ,0 ,1250 ,90878 ,0 ,0 ,0 ,0 ,811333 ,7374 ,294 ,0 ,3170 ,37095 ,38218 ,25315 ,0 ,1663 ,122591 ,2222 ,0 ,204 ,0 ,4894 ,2858 ,20953 ,0 ,923 ,14877 ,26216 ,6150 ,9210 ,1250 ,2223 ,0 ,36249589 ,2493536 ,2931773 ,30973 ,848629 ,3273531 ,89271 ,0 ,294 ,99785 ,5257 ,0 ,31059 ,27918 ,2046 ,0 ,0 ,2171 ,0 ,0 ,144753 ,122184 ,0 ,95072 ,0 ,0 ,475800 ,0 ,38909 ,0 ,1233 ,0 ,44204 ,0 ,2580 ,0 ,0 ,2207 ,222 ,936 ,49587 ,3984 ,189119 ,343 ,339137 ,11059 ,189444 ,0 ,0 ,168028 ,1042915 ,0 ,21482 ,999 ,0 ,2733 ,0 ,658 ,0 ,77086 ,0 ,8470352 ,26354 ,41875 ,0 ,323841 ,7211 ,2301 ,7700 ,73565 ,18106 ,294 ,1911 ,0 ,83964 ,0 ,0 ,0 ,2478 ,55028 ,0 ,87879 ,0 ,15539 ,0 ,0 ,40810 ,1354675 ,15759 ,0 ,40733 ,712026 ,2812 ,30213 ,6855 ,15273 ,742383 ,0 ,543 ,0 ,0 ,226455 ,187171 ,9338 ,0 ,0 ,99826 ,277350 ,449061 ,33383 ,135428 ,1266 ,0 ,99031 ,3259730 ,2222 ,1171 ,1761 ,186871 ,476 ,207436 ,6890 ,25464 ,57709 ,46034 ,0 ,1398 ,5798 ,80515 ,2109 ,7150 ,173566 ,337 ,0 ,11988 ,1963 ,7075 ,2434 ,15960 ,9704 ,4170 ,2354152 ,5572168 ,2234 ,1604132 ,810 ,65417 ,626 ,0 ,6395 ,0 ,0 ,0 ,400234 ,0 ,0 ,0 ,97813 ,0 ,49991 ,1562 ,294 ,107508 ,4185 ,2832 ,21637 ,4666 ,0 ,0 ,0 ,3422 ,1552391 ,0 ,178 ,0 ,3600 ,6092 ,1249 ,0 ,0 ,0 ,6464 ,0 ,1029 ,4015 ,0 ,0 ,0 ,3162 ,23036 ,3619 ,121679 ,303461041 ,0 ,0 ,4348 ,169 ,0 ,0 ,4294 ,4400 ,365986 ,16133 ,25350 ,34938 ,0 ,19587 ,0 ,1861 ,0 ,872 ,962 ,230080 ,30176 ,1889 ,2045 ,8153 ,16613 ,0 ,0 ,0 ,119787 ,8108 ,14544 ,880 ,0 ,38160 ,0 ,2757 ,5831 ,36236 ,13892 ,1249 ,0 ,4456 ,119147 ,0 ,5572 ,27065 ,0 ,714 ,0 ,294 ,132279 ,0 ,0 ,430828 ,214455 ,0 ,0 ,173065 ,1099 ,0 ,0 ,2219 ,0 ,90677 ,913 ,8340 ,1466 ,980 ,0 ,34854 ,107449 ,0 ,4795 ,3762 ,0 ,25131 ,3462 ,2292 ,0 ,29480 ,288537 ,0 ,2150 ,2150 ,5814 ,36443 ,0 ,284886 ,488 ,24267 ,2590 ,8256 ,0 ,0 ,0 ,0 ,32451 ,19256 ,1951 ,0 ,4476 ,46444 ,397 
2018-01-01,5520 ,2443 ,21018 ,5529 ,2679 ,0 ,0 ,0 ,1323 ,17120 ,954 ,217578 ,31552 ,0 ,2595 ,0 ,0 ,0 ,0 ,420599 ,16842 ,37916 ,79839 ,0 ,60711 ,6445 ,21813 ,424347 ,801 ,29198 ,5065 ,0 ,140973 ,0 ,0 ,19111 ,2664 ,363139 ,0 ,0 ,0 ,19275 ,0 ,5918 ,0 ,57438 ,54086 ,337 ,6390 ,0 ,990 ,747841 ,1432 ,0 ,3157978 ,0 ,14528 ,0 ,3634 ,86154240 ,0 ,0 ,4110 ,2917 ,14127 ,119481 ,3524 ,9477 ,0 ,13716 ,0 ,0 ,386565 ,0 ,0 ,5189 ,5566 ,3074 ,18868 ,6891 ,0 ,0 ,108408 ,0 ,0 ,4158 ,771226 ,21167 ,12873 ,0 ,1595 ,1311 ,31234 ,0 ,0 ,1419 ,626837 ,622347 ,4722 ,0 ,5123 ,0 ,0 ,1512 ,295 ,83754 ,0 ,303665 ,0 ,0 ,271656 ,0 ,8021 ,0 ,117453 ,40624 ,587814 ,3243320 ,84167 ,0 ,434487 ,6638 ,21337 ,18398 ,9202 ,0 ,141351 ,1149530 ,3650 ,0 ,0 ,11073 ,31270 ,313814 ,0 ,269527 ,31206 ,0 ,7937 ,0 ,0 ,0 ,131439 ,313 ,11913 ,4668 ,16308 ,2089111 ,57093 ,0 ,341806 ,0 ,0 ,7634 ,54791 ,0 ,3795 ,0 ,0 ,544547 ,670 ,62704 ,85500 ,10609 ,0 ,0 ,0 ,78499 ,0 ,2766 ,4876 ,0 ,8363 ,0 ,2180 ,1214 ,1242 ,33116 ,566790 ,0 ,1132 ,10369372 ,143196 ,265690 ,11921 ,28138 ,4208 ,0 ,100586 ,4530 ,0 ,1316 ,116 ,0 ,2898 ,0 ,0 ,0 ,5302 ,0 ,203479 ,7856 ,0 ,0 ,691328 ,56375 ,0 ,29127 ,0 ,0 ,0 ,14269 ,2952 ,153807 ,10799 ,0 ,22377 ,1252 ,8179 ,107824 ,70708 ,350614 ,1927 ,265406 ,400341 ,6118 ,2080 ,0 ,0 ,0 ,0 ,0 ,271293 ,62366 ,0 ,78127 ,3218 ,4180 ,90975 ,120014 ,173602 ,453940 ,10820 ,0 ,35641 ,566940 ,41547 ,556366 ,2124 ,761 ,222273 ,29835 ,2241 ,0 ,31524 ,0 ,169641 ,816 ,0 ,0 ,464211 ,27843 ,0 ,1323 ,0 ,1547 ,8636 ,0 ,108318 ,337 ,7284 ,0 ,3200 ,14437 ,1957 ,6818 ,1600 ,67482 ,5205 ,0 ,60926 ,0 ,7805 ,77364 ,2880185 ,0 ,40084 ,20612 ,851844 ,0 ,0 ,542619 ,0 ,0 ,0 ,30229 ,11239 ,8883 ,15398 ,4317 ,1915 ,0 ,28005 ,2831 ,548223 ,25754 ,0 ,0 ,76675 ,98595 ,6938 ,35516 ,59963 ,0 ,108923 ,15267 ,2889 ,4484 ,519 ,3304 ,1664 ,388586 ,1017 ,4991 ,4491 ,269902 ,3718 ,0 ,0 ,21929 ,9865 ,286013 ,538860 ,103521 ,10244 ,11060 ,447920 ,1687502 ,1452303 ,2034916 ,15303 ,138768 ,274258 ,83493 ,0 ,16957 ,1823524 ,3784 ,6711 ,23771 ,26317 ,125794 ,3514 ,0 ,114604 ,0 ,846452 ,0 ,0 ,114044 ,465 ,3813 ,60076 ,237153 ,142595 ,612431 ,20533 ,43663 ,36206 ,4917 ,1050 ,0 ,949388 ,0 ,4998 ,337 ,122775 ,2743 ,412471 ,0 ,0 ,2784 ,0 ,1215 ,4044533 ,0 ,0 ,193743 ,837 ,28774 ,34550 ,0 ,26150 ,8864 ,4069 ,111913 ,26675 ,0 ,0 ,0 ,99876 ,967 ,0 ,0 ,0 ,0 ,2728030 ,1090933 ,333 ,0 ,453482 ,3359 ,0 ,10976 ,0 ,18965 ,0 ,0 ,3952 ,2675 ,0 ,704 ,52324 ,8212 ,3024 ,720 ,28479 ,3138 ,0 ,0 ,0 ,29625 ,0 ,20844 ,358 ,0 ,0 ,10562 ,4516 ,0 ,0 ,15732 ,0 ,0 ,0 ,88717 ,37956 ,4005 ,3597960 ,0 ,0 ,6225 ,0 ,176524 ,14309 ,16235 ,0 ,0 ,907 ,2937 ,0 ,0 ,25319 ,130872 ,1547 ,593014 ,6591 ,128934 ,958604 ,2195 ,196513 ,164098 ,1023 ,0 ,412247 ,12994 ,5415 ,0 ,9633 ,5096 ,32138 ,0 ,281963 ,10900 ,0 ,364 ,1250 ,6686 ,181 ,0 ,3821 ,374777 ,0 ,3274 ,148949 ,79015 ,36329 ,28717 ,2718 ,37427 ,186790 ,47345 ,0 ,0 ,533045 ,592902 ,12565 ,1040785 ,0 ,5720 ,4722 ,11572 ,1975143 ,0 ,0 ,23913 ,0 ,136696 ,19766 ,3509 ,59209 ,64535 ,0 ,123061 ,0 ,14583 ,74136 ,0 ,52547 ,3378 ,55247 ,0 ,181 ,0 ,0 ,14452 ,0 ,22120 ,76704 ,76398 ,5814 ,5814 ,4063 ,4461 ,89976 ,0 ,1743991 ,0 ,102195 ,2263 ,47447 ,0 ,192425 ,5634 ,6975 ,2366 ,171515 ,0 ,1450 ,2712 ,2712 ,9600 ,16818 ,31286 ,0 ,0 ,60493 ,0 ,0 ,522393 ,48080382 ,0 ,14388 ,108295 ,721562 ,15116 ,120785 ,24321 ,95360 ,179112 ,1371138 ,0 ,4136 ,18498 ,165480 ,0 ,2840 ,9270 ,0 ,0 ,8698 ,0 ,3309 ,0 ,0 ,822723 ,0 ,4865 ,41790 ,1576170 ,612834 ,0 ,91373 ,1669 ,5002 ,4053 ,0 ,21275 ,8255 ,0 ,854 ,0 ,55969 ,344977 ,0 ,0 ,942 ,12877 ,78930 ,1727 ,33762 ,49004 ,0 ,4374 ,0 ,0 ,0 ,30932 ,0 ,90360 ,1483 ,0 ,1599461 ,508 ,143877 ,1141327 ,1712771 ,0 ,81728 ,5121 ,288 ,0 ,0 ,8180 ,6667 ,70306 ,64667 ,922687 ,12302 ,3552 ,17169 ,78346 ,14951 ,0 ,138966 ,0 ,5908543 ,0 ,508 ,0 ,6384 ,0 ,44 ,254286 ,0 ,223134 ,0 ,3518 ,378594 ,29320 ,1422 ,141449 ,6107 ,14904202 ,14844 ,177719 ,3834 ,19268 ,7417 ,0 ,0 ,3706 ,25528 ,114004 ,28421 ,46908 ,254632 ,3983 ,1415 ,438 ,12310 ,12635 ,1844 ,0 ,1828 ,22949 ,22949 ,43262724 ,304265 ,9373 ,6509 ,1028044 ,1511765 ,137106 ,0 ,2598 ,18295 ,167743 ,5937 ,87077 ,0 ,22981 ,99360 ,2929 ,14503 ,6468 ,0 ,0 ,0 ,8860504 ,0 ,283000 ,12578453 ,216228 ,37469 ,25242 ,44 ,497281 ,0 ,23237 ,3048 ,0 ,0 ,0 ,344 ,0 ,152186 ,27139 ,36026 ,0 ,11998 ,169666 ,21946 ,0 ,2879 ,40436 ,0 ,0 ,0 ,13554 ,0 ,500093 ,0 ,2599520 ,3294 ,825 ,658589253 ,0 ,4671 ,74 ,5966 ,708066 ,1884 ,0 ,2556 ,853141 ,16012 ,7310 ,1353 ,46677 ,0 ,0 ,522 ,2352 ,14295 ,933184 ,23669 ,78095 ,11550 ,0 ,0 ,0 ,92003 ,870 ,0 ,0 ,51133 ,1536 ,0 ,868 ,760445 ,7781 ,223833 ,2946 ,0 ,2328 ,0 ,18852 ,0 ,0 ,29235 ,26842 ,4844 ,19032 ,107396 ,0 ,507543 ,33926 ,0 ,7675 ,0 ,0 ,1477 ,820688 ,2650 ,0 ,0 ,0 ,1391692 ,9716 ,4787 ,0 ,3052 ,90734 ,62176 ,35373 ,0 ,137 ,51110 ,1768 ,0 ,3762 ,0 ,11592 ,10324 ,18610 ,0 ,1658 ,23710 ,57780 ,5816 ,8669 ,3099 ,44410 ,0 ,36032344 ,2387210 ,3475864 ,44845 ,856679 ,3774177 ,78219 ,0 ,1252 ,137864 ,14710 ,0 ,41465 ,79417 ,7093 ,0 ,4704 ,7729 ,0 ,0 ,606792 ,153026 ,0 ,109676 ,0 ,0 ,736065 ,0 ,45578 ,0 ,1324 ,0 ,111386 ,0 ,8800 ,0 ,0 ,232 ,1759 ,5500 ,162685 ,4941 ,705174 ,1784 ,1037210 ,23637 ,346315 ,0 ,0 ,149960 ,1041245 ,0 ,189771 ,1057 ,0 ,9355 ,0 ,338 ,0 ,249064 ,0 ,13502338 ,16437 ,59729 ,0 ,287036 ,44092 ,3952 ,13628 ,79999 ,31263 ,1684 ,7341 ,0 ,177953 ,0 ,0 ,10594 ,839052 ,174742 ,0 ,213561 ,0 ,117755 ,504 ,4222 ,33343 ,1163858 ,30759 ,0 ,546752 ,641767 ,5053 ,32476 ,5007 ,38567 ,797864 ,0 ,3395 ,0 ,0 ,193509 ,532659 ,28942 ,0 ,0 ,160684 ,301090 ,473975 ,45526 ,141573 ,3960 ,0 ,115204 ,3889117 ,1768 ,1356 ,8763 ,213766 ,2983 ,1879667 ,19752 ,114428 ,97868 ,45151 ,0 ,3856 ,8289 ,166724 ,6932 ,52238 ,228353 ,4774 ,0 ,4476 ,5593 ,17524 ,562 ,93077 ,8499 ,5775 ,2726286 ,5514963 ,27381 ,3003479 ,6647 ,91451 ,459 ,0 ,11893 ,0 ,0 ,0 ,521340 ,0 ,4059 ,0 ,94474 ,0 ,498422 ,493 ,2219 ,96465 ,12658 ,6069 ,23456 ,5334 ,0 ,0 ,0 ,5234 ,1966919 ,0 ,0 ,1703 ,15645 ,19269 ,10790 ,0 ,0 ,0 ,13121 ,333 ,1671 ,3370 ,0 ,0 ,0 ,16335 ,38076 ,16109 ,292007 ,2628883274 ,0 ,0 ,6572 ,270 ,0 ,0 ,10041 ,3866 ,1991962 ,100418 ,22644 ,52228 ,0 ,42981 ,0 ,1658 ,0 ,4700 ,2275 ,262261 ,56295 ,2903 ,8245 ,17578 ,26902 ,0 ,0 ,0 ,106609 ,9047 ,4504 ,606 ,0 ,34297 ,0 ,4157 ,34820 ,100543 ,81453 ,433135 ,0 ,4319 ,410446 ,0 ,318324 ,11026 ,0 ,6649 ,181 ,3062 ,125212 ,710 ,0 ,944901 ,279481 ,0 ,0 ,238615 ,5743 ,996 ,0 ,4057 ,0 ,113294 ,7140 ,9931 ,18153 ,960 ,0 ,44332 ,106277 ,0 ,4585 ,11061 ,0 ,22657 ,11930 ,5103 ,0 ,25161 ,364436 ,0 ,699 ,699 ,13948 ,288000 ,0 ,341523 ,15251 ,19647 ,4645 ,15603 ,0 ,0 ,0 ,0 ,77525 ,9878 ,3987 ,0 ,16053 ,39581 ,2202 
2018-02-01,11089 ,4078 ,23236 ,4174 ,1905 ,5710 ,0 ,0 ,1309 ,14263 ,1867 ,292247 ,33965 ,0 ,503 ,0 ,544 ,0 ,0 ,415521 ,19063 ,53034 ,69522 ,0 ,49567 ,8931 ,12447 ,252978 ,2291 ,22015 ,21632 ,0 ,131065 ,0 ,0 ,21694 ,2340 ,374701 ,792 ,0 ,1466 ,16592 ,119 ,4531 ,0 ,32593 ,61407 ,2490 ,13120 ,0 ,1897 ,625300 ,1675 ,0 ,3095307 ,0 ,34143 ,0 ,2199 ,71195675 ,0 ,0 ,7601 ,3803 ,8811 ,117110 ,3506 ,5524 ,0 ,11343 ,0 ,0 ,441639 ,0 ,0 ,6190 ,6181 ,1668 ,15117 ,2303 ,0 ,0 ,59462 ,0 ,0 ,6714 ,562223 ,16131 ,5440 ,5837 ,1098 ,1636 ,18973 ,0 ,0 ,4196 ,665539 ,491804 ,1964 ,1034 ,5411 ,0 ,0 ,2776 ,1925 ,47468 ,0 ,208698 ,0 ,1309 ,252834 ,0 ,14798 ,0 ,93405 ,16851 ,474980 ,3232173 ,59961 ,0 ,344159 ,1489 ,33848 ,6471 ,4266 ,2672 ,126412 ,840396 ,3927 ,0 ,0 ,15620 ,22040 ,306174 ,0 ,274214 ,34234 ,0 ,15794 ,0 ,0 ,0 ,88322 ,1143 ,13510 ,2124 ,10161 ,2189041 ,54348 ,792 ,253740 ,4174 ,0 ,4565 ,62622 ,0 ,134180 ,0 ,0 ,252808 ,4211 ,30206 ,90409 ,2599 ,0 ,0 ,0 ,73865 ,0 ,1541 ,1815 ,0 ,3818 ,0 ,1868 ,936 ,2103 ,18836 ,583780 ,0 ,261 ,7859523 ,131128 ,268863 ,26253 ,22375 ,6071 ,0 ,88417 ,5215 ,0 ,5198 ,75 ,0 ,1943 ,0 ,0 ,0 ,4895 ,269 ,142120 ,5896 ,0 ,5577 ,599962 ,29961 ,0 ,10814 ,0 ,0 ,0 ,4784 ,5307 ,128514 ,5827 ,0 ,17850 ,2199 ,5868 ,101787 ,86968 ,257922 ,2585 ,329699 ,245057 ,3609 ,792 ,0 ,2956 ,0 ,1962 ,0 ,273929 ,61775 ,1009 ,69801 ,4541 ,8693 ,63746 ,140958 ,161753 ,351396 ,62645 ,0 ,28407 ,465140 ,41279 ,298173 ,743 ,2178 ,316897 ,25417 ,4600 ,1229 ,43037 ,0 ,120825 ,341 ,0 ,843 ,548465 ,29027 ,619 ,4132 ,0 ,796 ,5551 ,0 ,94516 ,2585 ,1149 ,0 ,4023 ,10678 ,1962 ,3746 ,3787 ,71186 ,6143 ,0 ,62972 ,0 ,8340 ,60920 ,2255269 ,1229 ,34876 ,13928 ,788016 ,0 ,0 ,489460 ,0 ,0 ,0 ,15627 ,17923 ,7977 ,21016 ,4751 ,1095 ,0 ,24067 ,2106 ,460109 ,30941 ,0 ,462 ,66708 ,113048 ,6457 ,39361 ,53672 ,0 ,73103 ,29846 ,1958 ,3204 ,715 ,4811 ,98 ,285239 ,628 ,3195 ,3707 ,246947 ,3039 ,0 ,0 ,14869 ,7352 ,239683 ,668763 ,90515 ,18466 ,17522 ,342033 ,1798270 ,1468954 ,1463854 ,9407 ,149916 ,302554 ,46307 ,2635 ,19673 ,1722146 ,5254 ,12592 ,16026 ,24462 ,90585 ,1338 ,0 ,167069 ,0 ,572863 ,0 ,246 ,108448 ,996 ,4077 ,54931 ,214201 ,95593 ,517078 ,12512 ,35638 ,12904 ,5471 ,713 ,0 ,951121 ,0 ,5044 ,2137 ,127452 ,3332 ,530062 ,0 ,0 ,5692 ,1561 ,1303 ,4408193 ,0 ,0 ,128278 ,1982 ,27227 ,40751 ,0 ,42718 ,6676 ,10060 ,81571 ,10615 ,0 ,0 ,0 ,122068 ,1265 ,923 ,0 ,0 ,0 ,1519522 ,910239 ,792 ,341 ,448409 ,2086 ,0 ,9238 ,0 ,15140 ,386 ,0 ,2058 ,1001 ,0 ,1962 ,49225 ,8594 ,4214 ,386 ,33283 ,1331 ,1695 ,0 ,0 ,19708 ,0 ,20638 ,396 ,0 ,0 ,5539 ,3854 ,0 ,0 ,10786 ,0 ,0 ,217 ,81825 ,96801 ,4358 ,2235929 ,0 ,0 ,2807 ,0 ,171442 ,12043 ,7397 ,0 ,0 ,773 ,1271 ,1358 ,0 ,59780 ,101922 ,1575 ,226409 ,4801 ,94997 ,978344 ,1458 ,59897 ,64897 ,1903 ,0 ,360670 ,9644 ,6493 ,0 ,1247 ,3010 ,25061 ,424 ,155536 ,6038 ,0 ,204 ,1083 ,3332 ,172 ,0 ,2926 ,415846 ,0 ,2585 ,126963 ,58571 ,31131 ,28525 ,1903 ,32629 ,137911 ,52541 ,0 ,0 ,395747 ,542734 ,8645 ,953014 ,0 ,4708 ,9262 ,8342 ,1926895 ,0 ,0 ,20838 ,0 ,142618 ,17261 ,141 ,48555 ,61405 ,0 ,138527 ,0 ,3111 ,48027 ,0 ,29448 ,4359 ,49130 ,0 ,621 ,843 ,0 ,14968 ,2329 ,9280 ,78334 ,55047 ,3849 ,3849 ,492 ,2272 ,77771 ,0 ,1311892 ,0 ,86764 ,768 ,61629 ,1054 ,118649 ,4865 ,3016 ,2521 ,97265 ,0 ,2068 ,2541 ,2541 ,10792 ,2534 ,32067 ,0 ,406 ,43217 ,0 ,0 ,433104 ,51140677 ,0 ,7995 ,102679 ,663787 ,10730 ,67294 ,17913 ,88325 ,114575 ,1391174 ,0 ,2952 ,10587 ,30442 ,0 ,1125 ,4960 ,1054 ,0 ,6808 ,0 ,1034 ,0 ,0 ,749278 ,0 ,3275 ,41034 ,1412688 ,663634 ,0 ,63930 ,2237 ,10695 ,7989 ,0 ,15134 ,9196 ,0 ,1130 ,0 ,52271 ,288155 ,1037 ,0 ,653 ,10061 ,74791 ,2835 ,22624 ,33116 ,0 ,3220 ,0 ,543 ,0 ,43359 ,1656 ,19702 ,2068 ,0 ,1508327 ,1503 ,129122 ,1077920 ,1883581 ,567 ,38896 ,3934 ,1879 ,0 ,0 ,9099 ,10301 ,56976 ,41775 ,770869 ,16111 ,5990 ,8148 ,58835 ,5577 ,0 ,94628 ,0 ,7429109 ,0 ,553 ,0 ,4736 ,484 ,0 ,188854 ,7920 ,188176 ,0 ,1103 ,397746 ,21242 ,1790 ,126461 ,2843 ,14820784 ,24290 ,123304 ,2861 ,7198 ,2558 ,0 ,1878 ,4718 ,26471 ,116882 ,29585 ,26835 ,253329 ,3928 ,1779 ,386 ,4302 ,1647 ,1649 ,0 ,2691 ,15382 ,15382 ,36148871 ,321912 ,7680 ,4553 ,930012 ,1478476 ,102853 ,0 ,2022 ,13939 ,160381 ,9759 ,96459 ,5351 ,20185 ,86087 ,3483 ,15445 ,6246 ,0 ,451 ,0 ,7164020 ,0 ,183514 ,10845663 ,269374 ,33323 ,18834 ,0 ,490413 ,0 ,21205 ,1611 ,0 ,0 ,0 ,1236 ,0 ,92188 ,14901 ,34901 ,0 ,12089 ,170706 ,15060 ,0 ,3668 ,37510 ,472 ,0 ,0 ,523 ,0 ,353417 ,0 ,2405427 ,5456 ,920 ,622755616 ,0 ,4874 ,331 ,3563 ,370303 ,3332 ,0 ,2605 ,681055 ,12182 ,7028 ,325 ,49968 ,0 ,0 ,2798 ,2771 ,13062 ,656430 ,29800 ,67955 ,6780 ,360 ,0 ,0 ,25992 ,2429 ,0 ,1460 ,28766 ,5475 ,0 ,2117 ,620191 ,6108 ,165500 ,2118 ,0 ,915 ,0 ,13633 ,0 ,217 ,29600 ,24318 ,9759 ,24747 ,95773 ,0 ,565014 ,29696 ,16970 ,10047 ,0 ,0 ,2935 ,973736 ,1972 ,143623 ,0 ,0 ,1321597 ,5665 ,1812 ,14886 ,7518 ,75386 ,60451 ,24911 ,0 ,280 ,36912 ,1114 ,0 ,3521 ,0 ,12003 ,11189 ,17743 ,3420 ,491 ,27210 ,60799 ,7041 ,5144 ,2971 ,21903 ,0 ,35625661 ,2429524 ,3650831 ,60304 ,845263 ,3523617 ,75552 ,31990 ,792 ,133054 ,8733 ,0 ,27012 ,80853 ,2022 ,0 ,4679 ,2214 ,0 ,2348 ,413050 ,110247 ,0 ,94891 ,0 ,0 ,502022 ,0 ,39853 ,0 ,677 ,0 ,109090 ,0 ,11977 ,0 ,0 ,1807 ,442 ,3647 ,114968 ,12363 ,259309 ,2600 ,3718323 ,15759 ,156344 ,0 ,0 ,157960 ,1071316 ,0 ,152734 ,1291 ,0 ,7970 ,0 ,1643 ,0 ,224295 ,0 ,11165140 ,32443 ,59845 ,0 ,237235 ,33153 ,5116 ,9996 ,79661 ,26269 ,3069 ,8741 ,0 ,230503 ,0 ,0 ,11134 ,506472 ,119336 ,0 ,164180 ,0 ,30548 ,913 ,11969 ,37737 ,1178998 ,33084 ,0 ,411287 ,662802 ,0 ,35747 ,6189 ,39948 ,403099 ,406 ,2137 ,1435 ,0 ,91855 ,451267 ,21883 ,0 ,0 ,127957 ,256474 ,86999 ,34384 ,140950 ,3088 ,57 ,101975 ,4266528 ,1114 ,1559 ,8266 ,196960 ,5664 ,1139079 ,15991 ,77188 ,34652 ,37561 ,0 ,7237 ,3475 ,152718 ,2092 ,41442 ,238861 ,3445 ,0 ,3440 ,2264 ,15415 ,177 ,59506 ,15048 ,3929 ,2812572 ,5238359 ,14813 ,2457905 ,6968 ,70914 ,276 ,0 ,123150 ,0 ,0 ,0 ,495448 ,2142 ,1083 ,0 ,70817 ,0 ,463280 ,516 ,1545 ,104156 ,14566 ,4356 ,16899 ,2907 ,0 ,0 ,5158 ,8213 ,1784069 ,0 ,0 ,631 ,18281 ,14006 ,4743 ,465 ,0 ,0 ,12052 ,0 ,485 ,3542 ,0 ,0 ,0 ,9198 ,29841 ,16487 ,233609 ,2460953261 ,0 ,0 ,5314 ,1225 ,1082 ,1568 ,9586 ,3286 ,1445893 ,85295 ,22800 ,52450 ,0 ,49189 ,0 ,581 ,0 ,6591 ,1887 ,289656 ,50104 ,3000 ,3038 ,14814 ,17130 ,0 ,0 ,0 ,105909 ,13226 ,4941 ,568 ,0 ,16516 ,0 ,3215 ,19226 ,81013 ,37790 ,471202 ,0 ,4980 ,302899 ,0 ,236655 ,16294 ,2556 ,5072 ,227 ,2873 ,129540 ,308 ,0 ,849101 ,335795 ,0 ,0 ,267558 ,4100 ,2696 ,0 ,5665 ,0 ,93614 ,6017 ,7665 ,30125 ,1737 ,4976 ,38092 ,96722 ,13644 ,2767 ,12048 ,574 ,18015 ,9491 ,3335 ,0 ,17423 ,485369 ,1673 ,0 ,0 ,12932 ,285038 ,1083 ,362887 ,6633 ,21492 ,4085 ,15319 ,0 ,1083 ,0 ,0 ,52765 ,10081 ,2930 ,0 ,13502 ,34456 ,3976 
2018-03-01,9428 ,4107 ,11466 ,3088 ,5293 ,6370 ,0 ,0 ,3156 ,15058 ,3299 ,531342 ,32481 ,0 ,223 ,0 ,340 ,0 ,1646 ,419602 ,16597 ,90879 ,71268 ,0 ,77683 ,13375 ,25490 ,216070 ,1940 ,15676 ,6005 ,0 ,155363 ,0 ,0 ,25801 ,1482 ,428375 ,0 ,0 ,1528 ,13817 ,1330 ,4275 ,0 ,53853 ,51124 ,620 ,5481 ,0 ,2430 ,717403 ,5112 ,0 ,3280440 ,0 ,39069 ,0 ,6074 ,86321635 ,0 ,0 ,856 ,270 ,7645 ,106079 ,757 ,3252 ,0 ,5782 ,0 ,0 ,503031 ,0 ,310 ,8093 ,6688 ,2365 ,24506 ,3443 ,0 ,0 ,70836 ,0 ,0 ,2603 ,758414 ,16170 ,9852 ,2485 ,2339 ,1443 ,10582 ,0 ,0 ,7136 ,738396 ,614143 ,5163 ,1054 ,9329 ,0 ,0 ,3283 ,3294 ,78794 ,0 ,348023 ,0 ,1955 ,303558 ,0 ,7158 ,0 ,81900 ,24671 ,427092 ,4855212 ,94753 ,0 ,304384 ,3082 ,32177 ,16712 ,3300 ,3677 ,134453 ,717832 ,2506 ,0 ,0 ,7996 ,19266 ,262313 ,0 ,253068 ,17039 ,0 ,5582 ,0 ,0 ,0 ,93883 ,984 ,3798 ,2366 ,11924 ,2087160 ,32201 ,10062 ,199594 ,4823 ,0 ,1221 ,65509 ,0 ,330053 ,0 ,0 ,404516 ,1330 ,16218 ,99384 ,1420 ,0 ,252 ,0 ,48528 ,0 ,1527 ,1163 ,0 ,5338 ,0 ,2104 ,1349 ,2275 ,34022 ,633691 ,0 ,1990 ,11137174 ,141365 ,333878 ,31438 ,19244 ,7236 ,0 ,382295 ,173 ,0 ,5521 ,570 ,0 ,2092 ,0 ,928 ,0 ,5588 ,187 ,125997 ,8284 ,0 ,668 ,646687 ,52378 ,0 ,10434 ,42737 ,0 ,0 ,9595 ,1765 ,147386 ,5512 ,0 ,21237 ,1640 ,6366 ,87952 ,89249 ,251138 ,2270 ,344673 ,310388 ,3805 ,0 ,0 ,168 ,0 ,1152 ,0 ,249937 ,59215 ,0 ,125727 ,4478 ,9021 ,49865 ,157833 ,264798 ,349733 ,226018 ,0 ,18951 ,654544 ,46871 ,136582 ,3210 ,1716 ,436753 ,36379 ,2889 ,620 ,36123 ,0 ,190673 ,471 ,0 ,201 ,640681 ,30253 ,0 ,1414 ,0 ,620 ,4292 ,0 ,120569 ,2888 ,2781 ,0 ,9276 ,13119 ,1681 ,6488 ,5607 ,62699 ,5013 ,0 ,77967 ,0 ,5798 ,72209 ,1513876 ,1034 ,29371 ,20549 ,958861 ,0 ,0 ,591151 ,0 ,0 ,0 ,27397 ,13212 ,6274 ,3878 ,2158 ,890 ,0 ,32143 ,5713 ,453432 ,45465 ,2736 ,1997 ,83103 ,80821 ,5412 ,48399 ,55777 ,0 ,85595 ,13689 ,1646 ,3487 ,2755 ,1893 ,1989 ,456647 ,848 ,4518 ,1920 ,311706 ,897 ,0 ,0 ,13059 ,6945 ,229690 ,790079 ,87497 ,29307 ,13340 ,514511 ,1706584 ,1400040 ,1885817 ,10162 ,129290 ,309289 ,37956 ,310 ,5730 ,1894162 ,3525 ,13613 ,16129 ,17167 ,148128 ,1742 ,0 ,126847 ,0 ,553899 ,0 ,242 ,100020 ,590 ,7106 ,62828 ,111754 ,163527 ,709282 ,8234 ,30512 ,16956 ,262 ,265 ,0 ,905269 ,0 ,7621 ,1041 ,136937 ,7067 ,575253 ,0 ,0 ,2303 ,1240 ,270 ,3955096 ,0 ,0 ,144793 ,1422 ,32201 ,60523 ,0 ,51809 ,4402 ,13534 ,129119 ,12119 ,19959 ,0 ,0 ,106929 ,2929 ,1002 ,0 ,0 ,0 ,1666704 ,913262 ,731 ,1022 ,538018 ,2471 ,0 ,28245 ,398 ,13267 ,0 ,0 ,1838 ,2586 ,0 ,3774 ,52792 ,9091 ,3695 ,310 ,17527 ,1918 ,1034 ,0 ,0 ,11068 ,0 ,28005 ,36 ,5664 ,0 ,10925 ,3048 ,0 ,0 ,10942 ,0 ,731 ,282 ,78590 ,51446 ,6602 ,2247939 ,0 ,0 ,3958 ,0 ,250865 ,16181 ,10312 ,0 ,0 ,3015 ,4351 ,4948 ,0 ,27609 ,130063 ,2766 ,202400 ,7084 ,150315 ,1023121 ,2573 ,68388 ,81748 ,2575 ,0 ,376341 ,10440 ,7027 ,0 ,5783 ,2736 ,38124 ,97 ,104516 ,7506 ,0 ,665 ,960 ,5327 ,0 ,0 ,6750 ,545966 ,0 ,2891 ,123718 ,65595 ,42032 ,23713 ,5462 ,34895 ,244057 ,47749 ,0 ,0 ,494039 ,559138 ,8592 ,845663 ,0 ,6359 ,28261 ,8449 ,2137031 ,0 ,0 ,21180 ,0 ,112923 ,20147 ,4270 ,45996 ,60055 ,0 ,108418 ,0 ,2891 ,52702 ,0 ,24430 ,2595 ,72484 ,3294 ,3856 ,976 ,376 ,25079 ,7403 ,13649 ,91648 ,68938 ,2610 ,2610 ,4113 ,2408 ,83908 ,0 ,1429676 ,0 ,86852 ,541 ,42648 ,0 ,164613 ,5445 ,1506 ,1795 ,128330 ,0 ,2155 ,2464 ,2464 ,11591 ,3248 ,32240 ,0 ,12216 ,32779 ,0 ,0 ,487050 ,65384796 ,1124 ,9497 ,208000 ,740550 ,6844 ,60474 ,19877 ,167741 ,138525 ,1290560 ,0 ,4006 ,21838 ,60057 ,0 ,1164 ,3607 ,206 ,0 ,10215 ,3932 ,7782 ,0 ,0 ,683689 ,0 ,6487 ,43091 ,1828415 ,685797 ,0 ,125370 ,2456 ,12489 ,4705 ,0 ,18633 ,20083 ,0 ,1841 ,0 ,50317 ,337520 ,3086 ,0 ,310 ,7700 ,57192 ,4058 ,53765 ,81939 ,0 ,4895 ,0 ,824 ,0 ,40939 ,0 ,13435 ,4707 ,265 ,1628887 ,650 ,109036 ,1011225 ,2261891 ,787 ,23175 ,3278 ,553 ,0 ,0 ,5819 ,8904 ,58612 ,38247 ,634560 ,19024 ,5560 ,4379 ,71028 ,7016 ,0 ,119421 ,0 ,7243841 ,0 ,1956 ,0 ,2846 ,0 ,0 ,211828 ,3794 ,247662 ,0 ,378 ,474833 ,20183 ,3492 ,108123 ,3626 ,14658125 ,14650 ,184124 ,5463 ,8002 ,5122 ,0 ,1920 ,11337 ,26835 ,83328 ,33297 ,60540 ,284443 ,3270 ,1414 ,270 ,14859 ,1955 ,1697 ,0 ,8770 ,17233 ,17233 ,35146147 ,292845 ,8286 ,4526 ,941753 ,1482712 ,121462 ,0 ,3947 ,12296 ,157961 ,5072 ,94061 ,1419 ,29301 ,124092 ,1920 ,14673 ,11894 ,0 ,0 ,0 ,8581509 ,0 ,273999 ,10824217 ,265249 ,41221 ,32520 ,0 ,423442 ,0 ,26574 ,1618 ,0 ,0 ,0 ,621 ,0 ,108308 ,22409 ,29926 ,1344 ,17154 ,292672 ,18097 ,0 ,2958 ,12442 ,1336 ,0 ,0 ,6131 ,0 ,439165 ,0 ,2574808 ,6680 ,1639 ,704053451 ,0 ,10660 ,152 ,2369 ,522878 ,807 ,0 ,2345 ,902373 ,11678 ,7248 ,195 ,47797 ,0 ,0 ,5001 ,4225 ,10031 ,1014371 ,30208 ,98828 ,12224 ,0 ,0 ,0 ,13685 ,1255 ,1034 ,620 ,39353 ,716 ,0 ,11564 ,611865 ,9831 ,164954 ,2457 ,0 ,1252 ,0 ,12244 ,0 ,209 ,64581 ,31580 ,2806 ,26936 ,86999 ,0 ,563269 ,33587 ,21584 ,10065 ,0 ,0 ,3474 ,991642 ,2926 ,286424 ,0 ,0 ,1212076 ,6900 ,1767 ,11519 ,6107 ,112089 ,52712 ,23893 ,0 ,3122 ,55326 ,338 ,0 ,2083 ,0 ,14089 ,14806 ,23218 ,1590 ,1767 ,23844 ,71077 ,6448 ,7625 ,2310 ,18665 ,0 ,35670322 ,2308322 ,3369475 ,55802 ,881074 ,3693945 ,82069 ,61959 ,310 ,185041 ,11402 ,0 ,29229 ,47200 ,12030 ,0 ,3162 ,620 ,0 ,1538 ,519658 ,147254 ,0 ,91694 ,0 ,0 ,535872 ,0 ,42647 ,0 ,1001 ,0 ,138782 ,0 ,14530 ,0 ,0 ,2257 ,752 ,4581 ,108979 ,18412 ,191144 ,1234 ,1463548 ,7069 ,144401 ,0 ,0 ,44479 ,1004431 ,0 ,154108 ,534 ,0 ,5909 ,0 ,2878 ,0 ,248900 ,0 ,11663590 ,38820 ,81280 ,0 ,284266 ,40652 ,1377 ,8450 ,81656 ,37791 ,5598 ,10691 ,0 ,459383 ,0 ,0 ,32930 ,883275 ,159086 ,0 ,206853 ,0 ,29857 ,1488 ,14273 ,187716 ,2193565 ,34668 ,0 ,413235 ,790942 ,0 ,39838 ,767 ,50373 ,444105 ,2460 ,310 ,2270 ,310 ,118337 ,527279 ,25498 ,0 ,0 ,90912 ,271609 ,89335 ,31768 ,135644 ,4598 ,480 ,143864 ,3795842 ,338 ,1228 ,29788 ,204575 ,4034 ,1362826 ,25778 ,101791 ,31613 ,50899 ,0 ,4691 ,9430 ,220014 ,3278 ,46427 ,275128 ,5902 ,0 ,3755 ,3901 ,28719 ,627 ,102484 ,13466 ,7766 ,2939939 ,5004814 ,29526 ,3141787 ,8090 ,91455 ,871 ,0 ,189182 ,0 ,0 ,0 ,558276 ,6324 ,2717 ,0 ,86707 ,0 ,398592 ,854 ,1041 ,133776 ,11192 ,6867 ,14041 ,3768 ,0 ,0 ,11242 ,5035 ,1906918 ,0 ,864 ,1411 ,19376 ,45217 ,5392 ,2039 ,0 ,0 ,21965 ,0 ,1912 ,4419 ,0 ,0 ,0 ,6301 ,49640 ,4534 ,277253 ,2609356152 ,0 ,0 ,3324 ,180 ,3333 ,2270 ,9432 ,4613 ,1805606 ,135563 ,24778 ,58024 ,0 ,61750 ,0 ,831 ,0 ,7699 ,2505 ,294939 ,60556 ,2201 ,8373 ,9466 ,18012 ,0 ,0 ,0 ,112702 ,22021 ,4735 ,1156 ,731 ,48976 ,0 ,3413 ,24419 ,92736 ,85285 ,652204 ,0 ,9633 ,438395 ,0 ,311356 ,32179 ,5409 ,4120 ,661 ,2305 ,137313 ,0 ,0 ,2484859 ,331079 ,0 ,0 ,270336 ,16086 ,1691 ,0 ,6912 ,0 ,109310 ,8673 ,4935 ,9850 ,3001 ,10872 ,72837 ,98175 ,12223 ,5096 ,12964 ,635 ,25944 ,13963 ,5323 ,0 ,20111 ,501843 ,0 ,0 ,0 ,15015 ,325719 ,5899 ,389272 ,115475 ,22827 ,3229 ,14954 ,0 ,1330 ,0 ,0 ,65520 ,8030 ,2109 ,0 ,19411 ,27028 ,1317 
2018-04-01,13632 ,4169 ,15031 ,5373 ,4488 ,19940 ,0 ,0 ,2368 ,13359 ,4865 ,307030 ,24346 ,0 ,640 ,0 ,385 ,0 ,34 ,394357 ,13381 ,20666 ,69682 ,0 ,46201 ,15718 ,39830 ,249463 ,1704 ,8525 ,4609 ,0 ,159298 ,0 ,0 ,28454 ,3274 ,392340 ,0 ,0 ,2717 ,20077 ,1678 ,5627 ,0 ,52948 ,71345 ,395 ,5532 ,0 ,1472 ,854053 ,8387 ,0 ,3231249 ,0 ,29295 ,0 ,7175 ,78469461 ,0 ,0 ,665 ,0 ,7568 ,148409 ,7993 ,2821 ,0 ,17941 ,0 ,0 ,563203 ,0 ,0 ,8095 ,6011 ,2691 ,26395 ,1546 ,429 ,0 ,84715 ,0 ,0 ,1546 ,650291 ,15006 ,11236 ,2244 ,879 ,2882 ,14454 ,0 ,0 ,5168 ,768986 ,588878 ,1380 ,2404 ,10784 ,0 ,0 ,6565 ,2952 ,118722 ,0 ,304802 ,0 ,1380 ,292854 ,0 ,13676 ,0 ,90867 ,24816 ,413605 ,4778329 ,111822 ,0 ,366550 ,1165 ,14667 ,10827 ,3553 ,2090 ,88609 ,671155 ,3083 ,0 ,801 ,5375 ,27836 ,292375 ,0 ,259023 ,20994 ,1135 ,6557 ,0 ,0 ,0 ,84541 ,1306 ,3484 ,391 ,7738 ,2134265 ,35992 ,3990 ,193774 ,2042 ,0 ,216 ,64200 ,0 ,271466 ,0 ,0 ,464694 ,326 ,22426 ,87556 ,3945 ,0 ,0 ,0 ,71521 ,0 ,1836 ,3537 ,0 ,7190 ,0 ,1805 ,1380 ,2547 ,33873 ,640208 ,0 ,218 ,10551023 ,147231 ,232233 ,15422 ,13807 ,5513 ,0 ,298331 ,2294 ,0 ,4687 ,7152 ,352 ,5011 ,0 ,0 ,0 ,1023 ,431 ,90842 ,8562 ,0 ,890 ,617055 ,48324 ,0 ,5536 ,139740 ,0 ,0 ,9219 ,3452 ,184207 ,3773 ,0 ,46338 ,2735 ,15303 ,75148 ,83706 ,239130 ,4165 ,376951 ,298725 ,2827 ,0 ,0 ,1534 ,352 ,0 ,0 ,239449 ,49515 ,0 ,93262 ,3785 ,5805 ,49084 ,126759 ,259997 ,321001 ,25317 ,0 ,12968 ,590521 ,37337 ,62246 ,3177 ,1720 ,464390 ,25438 ,1681 ,1789 ,28447 ,0 ,142252 ,115 ,0 ,310 ,661768 ,40155 ,0 ,588 ,0 ,988 ,3570 ,0 ,99979 ,9645 ,2834 ,515 ,11214 ,16693 ,1375 ,6615 ,9143 ,72957 ,4408 ,2264 ,84491 ,4310 ,2393 ,67399 ,560714 ,4484 ,30632 ,10447 ,868282 ,0 ,0 ,510545 ,0 ,0 ,0 ,28952 ,15764 ,8379 ,2995 ,4297 ,2209 ,0 ,36926 ,4950 ,439785 ,43565 ,2623 ,773 ,66168 ,73635 ,1873 ,38877 ,81678 ,166 ,90643 ,28125 ,0 ,4026 ,2493 ,995 ,3267 ,391334 ,1311 ,3854 ,6633 ,249305 ,1446 ,0 ,0 ,14278 ,4313 ,185146 ,791012 ,75199 ,14750 ,14206 ,572862 ,1745638 ,1394269 ,1588201 ,10827 ,90578 ,284757 ,40758 ,2039 ,13081 ,1757441 ,4895 ,12364 ,18465 ,15731 ,150428 ,3355 ,0 ,136738 ,0 ,582970 ,0 ,0 ,111947 ,1474 ,6746 ,70196 ,102459 ,149075 ,664982 ,6839 ,34360 ,10483 ,1403 ,350 ,0 ,937484 ,3259 ,5875 ,1921 ,167619 ,2147 ,531499 ,0 ,0 ,799 ,0 ,346 ,4125490 ,0 ,0 ,123873 ,1131 ,35992 ,62025 ,0 ,70903 ,2434 ,4808 ,138239 ,6520 ,37692 ,0 ,0 ,113976 ,1431 ,1316 ,0 ,0 ,0 ,2132605 ,911547 ,801 ,2149 ,483763 ,3904 ,0 ,36955 ,730 ,17002 ,0 ,0 ,4772 ,2833 ,0 ,0 ,48322 ,6874 ,4478 ,774 ,14365 ,2614 ,1789 ,1196 ,0 ,8331 ,0 ,30636 ,2411 ,7486 ,0 ,9373 ,3558 ,0 ,0 ,9983 ,0 ,1196 ,111 ,91906 ,65183 ,4599 ,2409039 ,0 ,0 ,2572 ,0 ,253330 ,12203 ,8164 ,0 ,0 ,3230 ,16646 ,4079 ,0 ,40937 ,106908 ,988 ,200154 ,6103 ,221240 ,996342 ,2197 ,56182 ,60314 ,2204 ,0 ,301705 ,14449 ,5415 ,0 ,2786 ,6049 ,36912 ,1685 ,79744 ,17004 ,2135 ,0 ,1704 ,2949 ,0 ,0 ,5989 ,462689 ,0 ,1345 ,30442 ,75361 ,35496 ,25642 ,6728 ,42494 ,222750 ,53396 ,0 ,0 ,480231 ,497409 ,4496 ,797952 ,0 ,1466 ,5311 ,10114 ,1921932 ,0 ,235 ,15016 ,0 ,98621 ,9698 ,2408 ,52590 ,58096 ,0 ,109880 ,0 ,5727 ,48617 ,0 ,21654 ,3288 ,76836 ,4062 ,5348 ,11084 ,2064 ,15357 ,5255 ,23828 ,89980 ,71154 ,1071 ,1071 ,2282 ,3425 ,69408 ,0 ,1190445 ,0 ,81406 ,1893 ,42013 ,0 ,172634 ,3413 ,1588 ,3097 ,110866 ,0 ,1190 ,3049 ,3049 ,10386 ,13059 ,25658 ,0 ,7252 ,20032 ,0 ,0 ,355809 ,65092839 ,1218 ,12823 ,182070 ,696367 ,7190 ,47310 ,15790 ,151936 ,94541 ,1213375 ,0 ,10576 ,7486 ,53264 ,0 ,134 ,3529 ,1336 ,940 ,9567 ,1626 ,7182 ,0 ,0 ,680219 ,0 ,6157 ,44850 ,1524826 ,618656 ,0 ,112624 ,1584 ,11461 ,3148 ,0 ,21011 ,9199 ,0 ,436 ,0 ,49930 ,367660 ,5244 ,0 ,1491 ,5252 ,50550 ,3337 ,38005 ,73098 ,0 ,1885 ,0 ,90 ,0 ,40755 ,191 ,101307 ,9596 ,0 ,1499257 ,570 ,124630 ,1007584 ,2085792 ,1328 ,29958 ,4165 ,1306 ,4361 ,0 ,5488 ,17099 ,52071 ,29589 ,690502 ,11784 ,6676 ,3231 ,65937 ,12957 ,846 ,133711 ,0 ,5011714 ,0 ,313 ,0 ,2776 ,0 ,0 ,193378 ,5429 ,243887 ,0 ,792 ,505308 ,23850 ,1937 ,108600 ,4372 ,13152736 ,19305 ,175587 ,6846 ,14166 ,3688 ,0 ,1654 ,7594 ,50403 ,75121 ,35440 ,64716 ,250242 ,7388 ,23445 ,1669 ,10012 ,13223 ,1934 ,0 ,6154 ,11457 ,11457 ,36998181 ,278662 ,9890 ,4106 ,774028 ,1428268 ,125613 ,0 ,16477 ,10074 ,157376 ,8631 ,97158 ,3852 ,20630 ,99067 ,2647 ,30959 ,9381 ,0 ,0 ,0 ,7887784 ,0 ,332124 ,11823310 ,258592 ,34227 ,20148 ,1312 ,405686 ,0 ,17377 ,1196 ,0 ,0 ,0 ,310 ,0 ,117729 ,25824 ,26072 ,0 ,18206 ,355539 ,14796 ,0 ,4158 ,18149 ,2370 ,0 ,0 ,2969 ,0 ,500019 ,0 ,2430997 ,4690 ,886 ,707625550 ,0 ,7772 ,1658 ,25679 ,840567 ,1749 ,24197 ,3231 ,859751 ,12704 ,8950 ,0 ,67409 ,0 ,0 ,2234 ,3236 ,10574 ,833910 ,16324 ,84487 ,31764 ,0 ,0 ,0 ,27169 ,3321 ,1257 ,700 ,46633 ,3196 ,0 ,2559 ,584833 ,2863 ,188177 ,690 ,0 ,1576 ,0 ,7198 ,0 ,558 ,43447 ,30158 ,644 ,33318 ,89772 ,0 ,530711 ,25195 ,12124 ,4160 ,0 ,0 ,1470 ,1475932 ,5307 ,209324 ,0 ,0 ,1068734 ,5819 ,738 ,15302 ,3111 ,88455 ,35704 ,20999 ,0 ,1362 ,33245 ,371 ,0 ,2368 ,0 ,17235 ,7567 ,20368 ,498 ,1138 ,15977 ,54220 ,8372 ,4853 ,541 ,37398 ,0 ,35445671 ,2361008 ,3284030 ,21422 ,908688 ,3785551 ,78837 ,45402 ,0 ,211322 ,9988 ,0 ,33228 ,40094 ,14768 ,0 ,2855 ,975 ,0 ,2654 ,557186 ,142241 ,0 ,74848 ,0 ,0 ,1223509 ,0 ,36086 ,42072 ,1683 ,0 ,172169 ,0 ,11934 ,0 ,3245 ,2547 ,1651 ,2054 ,96850 ,17778 ,148432 ,1361 ,685971 ,6135 ,134742 ,0 ,0 ,143487 ,980089 ,0 ,164538 ,484 ,0 ,12704 ,0 ,1198 ,0 ,246511 ,0 ,10910854 ,50338 ,45286 ,0 ,394866 ,26214 ,2419 ,14173 ,70073 ,26885 ,4741 ,10356 ,0 ,290236 ,0 ,0 ,7457 ,714198 ,124830 ,0 ,196707 ,0 ,24238 ,2122 ,8323 ,181041 ,1955523 ,32781 ,0 ,306748 ,699106 ,2491 ,40738 ,1971 ,53638 ,816854 ,4565 ,352 ,4017 ,410 ,96376 ,476135 ,25255 ,0 ,0 ,48489 ,232434 ,83977 ,28760 ,132130 ,3526 ,0 ,129294 ,3954088 ,371 ,462 ,18212 ,255606 ,2030 ,1063458 ,24062 ,111928 ,30091 ,53692 ,0 ,10108 ,10327 ,227806 ,2605 ,33335 ,233526 ,6532 ,0 ,3979 ,1665 ,37324 ,947 ,95245 ,14899 ,8187 ,2870770 ,4881168 ,30368 ,2616792 ,3922 ,72934 ,2424 ,0 ,101079 ,0 ,0 ,0 ,623126 ,5932 ,3292 ,0 ,115176 ,901 ,440909 ,309 ,395 ,86037 ,12005 ,3777 ,22471 ,2414 ,0 ,0 ,10697 ,5295 ,1970318 ,0 ,1046 ,1657 ,10086 ,70056 ,9434 ,854 ,0 ,0 ,22598 ,0 ,4013 ,3147 ,0 ,0 ,0 ,6875 ,43675 ,3855 ,303935 ,2507016450 ,0 ,0 ,2767 ,166 ,1412 ,2226 ,7304 ,3805 ,1684708 ,143156 ,24477 ,56096 ,0 ,62723 ,0 ,307 ,0 ,4093 ,3339 ,303992 ,56414 ,5543 ,5400 ,22217 ,20997 ,0 ,0 ,0 ,102049 ,8193 ,1856 ,850 ,2340 ,30807 ,0 ,4050 ,31135 ,87943 ,76868 ,570588 ,0 ,14676 ,356452 ,0 ,282451 ,61468 ,2669 ,3493 ,335 ,4159 ,136612 ,1239 ,0 ,1579788 ,355771 ,0 ,0 ,350245 ,14243 ,786 ,0 ,5218 ,0 ,87385 ,4490 ,6377 ,7773 ,1350 ,13670 ,68475 ,86312 ,19737 ,7819 ,8999 ,802 ,20440 ,17003 ,6348 ,0 ,8791 ,430323 ,0 ,0 ,0 ,14550 ,382365 ,1615 ,418714 ,8818 ,24752 ,3651 ,11815 ,413 ,6727 ,0 ,0 ,79014 ,5690 ,1099 ,0 ,25913 ,35590 ,2873 
2018-05-01,18156 ,4245 ,10454 ,7503 ,1306 ,15620 ,0 ,0 ,2244 ,17669 ,2341 ,360285 ,30710 ,0 ,684 ,0 ,959 ,300 ,0 ,414242 ,12669 ,24417 ,64062 ,0 ,59918 ,20528 ,48250 ,244661 ,1809 ,6916 ,10295 ,0 ,153375 ,0 ,0 ,22148 ,3349 ,412616 ,0 ,0 ,210953 ,17766 ,787 ,4331 ,0 ,64155 ,50074 ,557 ,5554 ,0 ,936 ,697844 ,12762 ,0 ,3425510 ,0 ,23719 ,0 ,5916 ,90994611 ,0 ,0 ,1247 ,0 ,6105 ,358637 ,13137 ,8928 ,0 ,13086 ,0 ,0 ,687064 ,0 ,0 ,4553 ,4405 ,526 ,25396 ,1810 ,0 ,0 ,55150 ,0 ,0 ,2244 ,889354 ,23441 ,4037 ,131148 ,1176 ,1710 ,14021 ,0 ,0 ,7307 ,818518 ,759774 ,1585 ,3617 ,15909 ,0 ,0 ,21962 ,19189 ,111899 ,0 ,329095 ,0 ,2466 ,304743 ,0 ,6423 ,0 ,103917 ,23763 ,482250 ,4826823 ,122241 ,0 ,343794 ,3016 ,14142 ,16605 ,7779 ,5877 ,118033 ,617338 ,3946 ,0 ,3862 ,6589 ,39232 ,251656 ,0 ,258104 ,20129 ,5613 ,5727 ,283 ,0 ,0 ,86868 ,1979 ,1771 ,34521 ,7597 ,2173395 ,25257 ,15958 ,272674 ,6424 ,1182 ,5150 ,67430 ,0 ,383634 ,0 ,0 ,395587 ,1754 ,19330 ,98919 ,20838 ,0 ,0 ,0 ,76881 ,0 ,2824 ,2828 ,0 ,7471 ,139 ,1080 ,1167 ,1008 ,41832 ,695542 ,0 ,0 ,10800125 ,145112 ,341606 ,22508 ,11946 ,5177 ,0 ,345733 ,1376 ,0 ,1828 ,1614 ,205 ,4488 ,0 ,0 ,0 ,205 ,1120 ,83366 ,9814 ,0 ,1181 ,779209 ,45745 ,0 ,9135 ,139584 ,0 ,0 ,10216 ,3803 ,99837 ,3990 ,0 ,27891 ,4004 ,4470 ,84876 ,89376 ,299109 ,395 ,343108 ,397630 ,2279 ,0 ,0 ,600 ,1182 ,0 ,0 ,216028 ,125447 ,543 ,108876 ,3418 ,9206 ,83684 ,165076 ,260584 ,328251 ,26587 ,0 ,7272 ,745621 ,36734 ,149658 ,3141 ,3869 ,493106 ,26706 ,2713 ,557 ,31590 ,0 ,201459 ,173 ,0 ,816 ,708231 ,35709 ,0 ,0 ,0 ,0 ,4473 ,0 ,123936 ,5281 ,2517 ,0 ,63490 ,12823 ,3726 ,6969 ,7302 ,82675 ,5792 ,0 ,85730 ,3788 ,5870 ,65442 ,666986 ,3386 ,21014 ,8965 ,1034922 ,0 ,0 ,614707 ,127 ,0 ,0 ,32479 ,9657 ,8787 ,3487 ,0 ,280 ,0 ,46451 ,4016 ,402723 ,30617 ,1096 ,2647 ,58688 ,62556 ,2681 ,50442 ,70538 ,0 ,109068 ,57308 ,0 ,5724 ,3059 ,1466 ,870 ,385217 ,2183 ,5835 ,2441 ,229647 ,1754 ,4272 ,0 ,14362 ,6105 ,212778 ,893312 ,70309 ,32342 ,12354 ,583994 ,1754798 ,1431788 ,2136029 ,10291 ,82684 ,306149 ,58078 ,0 ,6517 ,1994421 ,3482 ,9186 ,8372 ,16932 ,187335 ,3468 ,0 ,87532 ,0 ,569862 ,0 ,0 ,107386 ,641 ,12202 ,85274 ,106548 ,178736 ,747548 ,6487 ,29261 ,11964 ,2052 ,393 ,0 ,953067 ,2407 ,8849 ,2615 ,130288 ,2242 ,541151 ,0 ,0 ,1297 ,0 ,1696 ,4331010 ,0 ,0 ,130811 ,604 ,13182 ,68947 ,0 ,26065 ,1294 ,7875 ,141464 ,9063 ,47918 ,0 ,1712 ,147117 ,2965 ,477 ,0 ,0 ,0 ,4775361 ,1077121 ,352 ,825 ,440763 ,2399 ,0 ,117907 ,944 ,14245 ,0 ,0 ,1180 ,3399 ,0 ,0 ,52068 ,5158 ,1096 ,0 ,21297 ,1359 ,1016 ,811 ,0 ,8608 ,0 ,49408 ,7258 ,12391 ,0 ,12600 ,5121 ,0 ,0 ,2962 ,294 ,1016 ,0 ,102524 ,77029 ,2641 ,2551557 ,0 ,0 ,2858 ,0 ,234480 ,11631 ,11120 ,0 ,0 ,3557 ,20084 ,3997 ,0 ,25637 ,129533 ,844 ,155194 ,9171 ,165132 ,1057623 ,956 ,72892 ,51832 ,1513 ,0 ,356339 ,10188 ,7112 ,0 ,2946 ,4371 ,37526 ,532 ,115579 ,35831 ,1061 ,0 ,2824 ,5695 ,0 ,0 ,8595 ,597847 ,0 ,1031 ,32690 ,93357 ,37302 ,28416 ,8909 ,38804 ,324133 ,56197 ,0 ,0 ,1537680 ,463855 ,8504 ,1195131 ,0 ,3036 ,7493 ,4951 ,2008939 ,0 ,216 ,33629 ,0 ,116939 ,7955 ,2614 ,42983 ,61574 ,0 ,96198 ,0 ,4641 ,34396 ,0 ,22447 ,1612 ,65838 ,5917 ,0 ,37387 ,1459 ,19639 ,5601 ,18880 ,79931 ,118861 ,2349 ,2349 ,4661 ,5118 ,104449 ,0 ,1285520 ,0 ,70510 ,356 ,45818 ,1016 ,200374 ,5099 ,2109 ,3897 ,135710 ,0 ,1368 ,5265 ,5265 ,11350 ,5949 ,19083 ,0 ,2592 ,26719 ,0 ,0 ,367135 ,77434137 ,1371 ,12169 ,164720 ,645569 ,6702 ,29032 ,38002 ,162160 ,81340 ,1282682 ,0 ,10179 ,12630 ,39776 ,205 ,36 ,1947 ,78 ,1450 ,4544 ,521 ,10227 ,0 ,0 ,604924 ,0 ,7491 ,47448 ,1847669 ,676913 ,0 ,192017 ,895 ,14881 ,2447 ,0 ,43787 ,9773 ,2488 ,783 ,0 ,39959 ,303316 ,2031 ,0 ,1182 ,9871 ,47478 ,10398 ,40969 ,85111 ,0 ,3299 ,0 ,172 ,0 ,43350 ,479 ,21181 ,10917 ,0 ,1445924 ,78 ,106983 ,946834 ,398809 ,409 ,25654 ,3046 ,1979 ,5849 ,205 ,7302 ,14272 ,60173 ,36792 ,354886 ,7018 ,5605 ,12991 ,50927 ,20517 ,0 ,166414 ,0 ,5078234 ,0 ,0 ,0 ,4795 ,0 ,0 ,190621 ,2999 ,253216 ,200 ,694 ,557832 ,39131 ,3727 ,103217 ,2776 ,14483070 ,20090 ,180351 ,7054 ,10221 ,6370 ,0 ,1182 ,3293 ,47446 ,84046 ,32510 ,79519 ,238552 ,11485 ,6795 ,1880 ,12382 ,11463 ,1989 ,0 ,1723 ,7845 ,7845 ,39712581 ,312457 ,9403 ,2899 ,985120 ,1445226 ,128960 ,0 ,5187 ,16142 ,166450 ,9398 ,94494 ,1178 ,25340 ,93096 ,1754 ,11704 ,4234 ,0 ,0 ,0 ,9068948 ,3124 ,638436 ,14310271 ,322231 ,42297 ,23320 ,1806 ,418569 ,0 ,15798 ,1517 ,0 ,0 ,0 ,816 ,0 ,134119 ,29417 ,25237 ,0 ,17606 ,345655 ,16280 ,0 ,4048 ,10002 ,205 ,0 ,0 ,7456 ,0 ,658371 ,0 ,2306375 ,7254 ,633 ,732113599 ,0 ,9375 ,1052 ,22358 ,1425936 ,920 ,50681 ,2248 ,981679 ,15160 ,14948 ,0 ,79796 ,0 ,0 ,4769 ,2105 ,10040 ,985211 ,19859 ,104513 ,45127 ,0 ,0 ,0 ,18992 ,0 ,1626 ,811 ,83302 ,3943 ,0 ,1564 ,588507 ,1819 ,286994 ,1240 ,0 ,1421 ,0 ,8774 ,0 ,386 ,72721 ,27412 ,413 ,30149 ,89825 ,0 ,493381 ,25984 ,19692 ,7875 ,0 ,0 ,1972 ,1238704 ,4076 ,203912 ,0 ,0 ,1157800 ,9155 ,1298 ,19637 ,1943 ,127670 ,47318 ,32111 ,0 ,1570 ,10968 ,621 ,0 ,3396 ,0 ,15437 ,13166 ,14282 ,1167 ,2153 ,25478 ,54102 ,7523 ,3293 ,2228 ,52754 ,0 ,35385862 ,2391056 ,3123853 ,20001 ,967069 ,3617028 ,82083 ,171908 ,0 ,229684 ,12804 ,0 ,44358 ,39414 ,8131 ,0 ,0 ,109 ,0 ,2331 ,560423 ,97229 ,0 ,85908 ,0 ,0 ,552915 ,0 ,45604 ,92011 ,285 ,0 ,175060 ,0 ,13886 ,0 ,14950 ,1162 ,1763 ,3300 ,118641 ,19672 ,174566 ,1981 ,561171 ,2435 ,122257 ,0 ,0 ,149057 ,941802 ,0 ,175084 ,231 ,0 ,16548 ,0 ,131 ,0 ,211877 ,0 ,12310002 ,56355 ,45295 ,0 ,490751 ,47683 ,2727 ,12051 ,76381 ,33713 ,10678 ,17315 ,0 ,392994 ,0 ,0 ,27246 ,906308 ,163430 ,0 ,243744 ,0 ,37169 ,2247 ,11137 ,229920 ,1952666 ,42261 ,0 ,469247 ,672449 ,1096 ,36818 ,5489 ,52589 ,772616 ,11585 ,352 ,2776 ,148 ,93349 ,844516 ,32722 ,0 ,0 ,53782 ,234451 ,75407 ,23933 ,124893 ,1542 ,0 ,129015 ,4133947 ,621 ,1586 ,8671 ,200955 ,3491 ,1670447 ,33734 ,131240 ,39778 ,48898 ,0 ,6520 ,2776 ,191901 ,6921 ,41748 ,259260 ,2815 ,0 ,24277 ,5296 ,71259 ,1198 ,147240 ,13397 ,3592 ,3146163 ,4987181 ,33317 ,3022182 ,2023 ,85854 ,0 ,0 ,102390 ,0 ,0 ,0 ,563452 ,640 ,5278 ,0 ,123399 ,1596 ,416452 ,0 ,352 ,94901 ,19854 ,2389 ,34950 ,3280 ,0 ,0 ,5502 ,4306 ,2017823 ,0 ,0 ,1803 ,8035 ,68126 ,14573 ,984 ,0 ,0 ,20233 ,0 ,3785 ,4383 ,0 ,0 ,0 ,15831 ,39470 ,18122 ,351248 ,2577998772 ,0 ,0 ,2527 ,96 ,2465 ,1201 ,8243 ,1180 ,2235845 ,107360 ,34484 ,44942 ,0 ,72094 ,0 ,301 ,0 ,3835 ,2827 ,302134 ,49584 ,3942 ,6181 ,40661 ,23906 ,0 ,0 ,0 ,102091 ,3754 ,2553 ,772 ,4150 ,60750 ,0 ,5615 ,23912 ,90959 ,89102 ,443248 ,0 ,32277 ,436541 ,175 ,369817 ,51532 ,4325 ,2536 ,393 ,3386 ,123891 ,1150 ,0 ,1989432 ,341576 ,0 ,0 ,377250 ,16906 ,3236 ,0 ,3424 ,0 ,90785 ,7427 ,3035 ,4740 ,2705 ,13438 ,60619 ,100141 ,19424 ,4449 ,5091 ,408 ,20286 ,18395 ,13340 ,0 ,16002 ,463478 ,0 ,0 ,0 ,14554 ,838076 ,9998 ,442279 ,5281 ,33051 ,1510 ,11605 ,236 ,6643 ,0 ,0 ,79610 ,3350 ,763 ,0 ,28338 ,32523 ,861 
2018-06-01,12647 ,11680 ,8516 ,3076 ,998 ,19007 ,0 ,0 ,1758 ,11360 ,4832 ,142332 ,18703 ,0 ,831 ,0 ,2020 ,694 ,0 ,333107 ,11916 ,3472 ,63503 ,0 ,35079 ,21669 ,57529 ,201609 ,664 ,4392 ,16965 ,0 ,140392 ,0 ,0 ,18611 ,1171 ,368769 ,1434 ,0 ,135518 ,12611 ,2484 ,4921 ,0 ,47921 ,52723 ,1438 ,6914 ,0 ,2683 ,692811 ,14934 ,537 ,3535054 ,0 ,26031 ,0 ,48387 ,75034955 ,0 ,0 ,774 ,1214 ,4847 ,305362 ,13504 ,9498 ,0 ,4167 ,0 ,0 ,553545 ,0 ,298 ,6771 ,5610 ,4365 ,22527 ,3959 ,0 ,0 ,31070 ,0 ,0 ,6076 ,804402 ,8539 ,5710 ,68846 ,1758 ,2927 ,17368 ,0 ,0 ,6251 ,753336 ,545852 ,3292 ,186 ,17488 ,346 ,0 ,4879 ,5504 ,98176 ,0 ,273982 ,0 ,3626 ,276899 ,0 ,5263 ,0 ,81440 ,21341 ,460858 ,3544405 ,96808 ,0 ,295753 ,2647 ,8796 ,35874 ,3315 ,3968 ,115110 ,348751 ,3028 ,0 ,3769 ,10846 ,30710 ,260958 ,0 ,247666 ,18551 ,116 ,7951 ,0 ,0 ,0 ,69196 ,2545 ,1981 ,11024 ,11378 ,2132245 ,17916 ,37265 ,145378 ,4678 ,541 ,11723 ,97903 ,0 ,368803 ,0 ,0 ,374790 ,2151 ,22343 ,82017 ,17279 ,0 ,0 ,0 ,72279 ,0 ,2098 ,2069 ,0 ,3203 ,272 ,1846 ,1780 ,15338 ,34753 ,678493 ,4277 ,0 ,6845162 ,189177 ,179073 ,17731 ,17731 ,11862 ,0 ,328757 ,251 ,0 ,2508 ,55 ,629 ,4176 ,0 ,0 ,0 ,586 ,545 ,78072 ,7065 ,0 ,2048 ,684644 ,31406 ,0 ,8466 ,113004 ,0 ,0 ,7241 ,1069 ,70180 ,3194 ,0 ,29459 ,3145 ,8208 ,75472 ,71578 ,270095 ,953 ,299655 ,331860 ,2032 ,3093 ,0 ,1642 ,0 ,0 ,0 ,210056 ,171253 ,0 ,76097 ,3667 ,13577 ,65964 ,151129 ,359964 ,333499 ,19037 ,0 ,5079 ,645761 ,63751 ,37806 ,1074 ,1750 ,584104 ,27367 ,2967 ,0 ,23305 ,0 ,146223 ,1665 ,0 ,1257 ,777199 ,35873 ,0 ,0 ,0 ,0 ,3362 ,0 ,91425 ,2964 ,2701 ,0 ,58682 ,12851 ,5916 ,22027 ,10157 ,65968 ,6586 ,0 ,76271 ,1434 ,4498 ,46544 ,391846 ,4819 ,20128 ,3152 ,794332 ,0 ,0 ,525073 ,346 ,0 ,0 ,25289 ,4023 ,17194 ,5112 ,0 ,546 ,0 ,42580 ,2928 ,399472 ,45351 ,2648 ,1217 ,77180 ,48490 ,3022 ,59679 ,79794 ,0 ,74914 ,18730 ,185 ,3460 ,4497 ,2229 ,2319 ,205013 ,3001 ,4176 ,1467 ,234894 ,3306 ,1563 ,0 ,9412 ,6339 ,156218 ,750663 ,70097 ,22503 ,22826 ,507130 ,1671412 ,1282214 ,1459418 ,11371 ,88443 ,285764 ,24936 ,0 ,9226 ,1799567 ,8380 ,6152 ,10960 ,13930 ,155432 ,4068 ,0 ,71514 ,0 ,587477 ,188 ,179 ,97368 ,121 ,13590 ,66256 ,104696 ,138376 ,654870 ,2208 ,18879 ,16262 ,1205 ,237 ,0 ,954865 ,3510 ,8735 ,1223 ,109054 ,5135 ,536184 ,0 ,0 ,3764 ,161 ,698 ,4315481 ,0 ,0 ,127548 ,833 ,9549 ,55297 ,0 ,17412 ,785 ,5450 ,78629 ,3553 ,33914 ,0 ,3742 ,90233 ,1254 ,1158 ,0 ,0 ,0 ,4802164 ,897188 ,1008 ,701 ,423740 ,3314 ,0 ,60604 ,395 ,13626 ,0 ,0 ,3704 ,22928 ,0 ,3093 ,46854 ,7479 ,1047 ,0 ,21111 ,346 ,1758 ,883 ,0 ,22175 ,0 ,40317 ,1092 ,5837 ,0 ,18458 ,3141 ,0 ,0 ,8463 ,0 ,580 ,0 ,86525 ,72166 ,3785 ,2478782 ,0 ,0 ,2583 ,0 ,173697 ,11545 ,4600 ,0 ,0 ,5060 ,22833 ,2573 ,0 ,33896 ,102957 ,1092 ,123804 ,5070 ,104859 ,1104025 ,2580 ,59280 ,38135 ,1831 ,0 ,313625 ,8407 ,4473 ,0 ,3000 ,7506 ,39591 ,0 ,74748 ,23565 ,541 ,0 ,5375 ,3093 ,0 ,0 ,6370 ,495442 ,0 ,1438 ,24174 ,65872 ,36803 ,22638 ,10123 ,31071 ,248984 ,49891 ,0 ,0 ,890505 ,455745 ,1389 ,502424 ,0 ,4248 ,7463 ,5588 ,1874471 ,0 ,0 ,17381 ,0 ,142015 ,6506 ,1413 ,51926 ,73070 ,0 ,134481 ,102003 ,5514 ,35984 ,0 ,29873 ,1449 ,105148 ,3575 ,0 ,11282 ,1067 ,18440 ,5128 ,19866 ,64015 ,96682 ,2401 ,2401 ,5445 ,3250 ,75647 ,0 ,1005979 ,0 ,62680 ,170 ,49559 ,2333 ,153127 ,1127 ,2766 ,2824 ,124441 ,0 ,680 ,1035 ,1035 ,4951 ,2112 ,23096 ,0 ,11364 ,16543 ,0 ,0 ,253313 ,63659208 ,1502 ,13471 ,139249 ,622309 ,6831 ,52421 ,40128 ,126135 ,67959 ,1317103 ,0 ,9539 ,5854 ,36397 ,581 ,36 ,2486 ,289 ,346 ,3701 ,902 ,11871 ,0 ,0 ,580066 ,883 ,5499 ,50255 ,1335417 ,540494 ,0 ,144194 ,4564 ,14000 ,4271 ,0 ,15665 ,5543 ,711 ,1010 ,0 ,42529 ,342627 ,0 ,0 ,710 ,8637 ,31978 ,7432 ,23206 ,62935 ,1189 ,1760 ,0 ,0 ,0 ,44090 ,1504 ,15626 ,9891 ,2449 ,1355388 ,179 ,111926 ,886625 ,391258 ,1042 ,20091 ,1424 ,4552 ,5130 ,883 ,3610 ,17033 ,55743 ,23432 ,554647 ,8907 ,3790 ,11256 ,58633 ,23426 ,0 ,93788 ,0 ,6413561 ,0 ,0 ,0 ,1128 ,0 ,0 ,194760 ,2162 ,205477 ,0 ,194 ,386338 ,19053 ,3761 ,91520 ,4933 ,13791182 ,16661 ,135215 ,5241 ,5788 ,5016 ,0 ,1168 ,1859 ,32458 ,83519 ,20114 ,82773 ,207573 ,10992 ,7865 ,370 ,17280 ,7709 ,3542 ,0 ,346 ,13913 ,13913 ,53676790 ,397152 ,5604 ,6452 ,694745 ,1450313 ,124693 ,0 ,12341 ,20060 ,173044 ,3860 ,100508 ,850 ,21097 ,93157 ,1780 ,11232 ,3998 ,193 ,553 ,0 ,7258227 ,0 ,440348 ,12103603 ,191559 ,31721 ,16337 ,556 ,409786 ,0 ,18711 ,1289 ,0 ,0 ,0 ,1121 ,0 ,108487 ,23938 ,22473 ,0 ,17056 ,331417 ,16408 ,0 ,3911 ,9654 ,5506 ,0 ,0 ,5390 ,0 ,509786 ,0 ,2217371 ,6318 ,1828 ,705894379 ,0 ,7072 ,2786 ,3635 ,1192198 ,487 ,16908 ,9298 ,940313 ,20279 ,5525 ,256 ,56471 ,0 ,0 ,3976 ,2864 ,9989 ,777479 ,14013 ,82413 ,76012 ,346 ,0 ,0 ,8606 ,0 ,0 ,2100 ,61971 ,1458 ,0 ,1348 ,618643 ,3925 ,330532 ,2642 ,0 ,1354 ,0 ,31145 ,0 ,247 ,44116 ,20318 ,1459 ,27990 ,78325 ,21868 ,486812 ,22761 ,17863 ,6466 ,0 ,0 ,3968 ,906981 ,4299 ,150719 ,0 ,0 ,1064630 ,6496 ,1907 ,11291 ,6855 ,133558 ,38043 ,20522 ,0 ,2182 ,10673 ,367 ,0 ,2061 ,0 ,17373 ,14873 ,20231 ,1092 ,4027 ,25619 ,66738 ,4774 ,2296 ,2394 ,35542 ,0 ,35078335 ,2201945 ,3255964 ,16069 ,873350 ,3402844 ,98164 ,147716 ,0 ,258289 ,6224 ,0 ,46713 ,55592 ,5085 ,0 ,0 ,0 ,0 ,2454 ,502329 ,116446 ,0 ,96952 ,0 ,0 ,483077 ,0 ,50233 ,217849 ,2916 ,0 ,148874 ,0 ,7004 ,0 ,13796 ,1349 ,836 ,3451 ,91904 ,11631 ,124410 ,3061 ,320100 ,4728 ,112400 ,409 ,405 ,140072 ,1073105 ,0 ,476201 ,247 ,0 ,5773 ,0 ,2795 ,0 ,210312 ,0 ,10268620 ,68446 ,26216 ,0 ,291295 ,28584 ,9617 ,8237 ,65591 ,50162 ,9559 ,14864 ,0 ,134487 ,5480851 ,0 ,19537 ,606948 ,150064 ,0 ,196441 ,55 ,16321 ,2173 ,16628 ,211323 ,1799296 ,32396 ,0 ,317279 ,632307 ,4339 ,14463 ,4401 ,58320 ,396256 ,32538 ,0 ,1434 ,0 ,110425 ,475614 ,22698 ,0 ,0 ,44876 ,224192 ,77577 ,21630 ,99373 ,4907 ,0 ,112613 ,4079857 ,367 ,2752 ,12863 ,187752 ,1254 ,1152385 ,32960 ,88814 ,52470 ,45133 ,0 ,3141 ,3968 ,200243 ,7556 ,39041 ,239984 ,3741 ,1372 ,4466 ,4371 ,73364 ,1000 ,184188 ,12075 ,4945 ,2795699 ,4609387 ,24689 ,2939271 ,2921 ,70049 ,0 ,0 ,97561 ,0 ,0 ,0 ,602273 ,4395 ,2900 ,0 ,129177 ,257 ,369242 ,0 ,537 ,35497 ,18259 ,3505 ,37632 ,2652 ,0 ,0 ,18353 ,4437 ,1934205 ,0 ,0 ,1971 ,17016 ,68977 ,9830 ,7885 ,689 ,0 ,22910 ,0 ,4596 ,3107 ,0 ,0 ,0 ,10389 ,33804 ,5743 ,363463 ,2416918049 ,0 ,0 ,4586 ,442 ,5153 ,4198 ,5782 ,1814 ,1703577 ,104081 ,19916 ,54424 ,0 ,57726 ,0 ,0 ,0 ,5625 ,4156 ,297566 ,59497 ,5000 ,4734 ,25374 ,18572 ,0 ,0 ,0 ,106256 ,4455 ,2397 ,1064 ,7183 ,54298 ,0 ,20081 ,48325 ,101039 ,65430 ,349792 ,0 ,5463 ,346279 ,373 ,240524 ,59359 ,4855 ,2970 ,0 ,3968 ,145502 ,446 ,0 ,1463236 ,329770 ,0 ,0 ,274836 ,7459 ,2017 ,0 ,6895 ,0 ,79533 ,13073 ,247 ,7821 ,5625 ,13534 ,68197 ,84471 ,18167 ,4135 ,6824 ,343 ,20368 ,11016 ,9254 ,0 ,11363 ,440262 ,281 ,872 ,872 ,13249 ,533708 ,397 ,379040 ,3626 ,37590 ,2531 ,8810 ,578 ,2104 ,537 ,0 ,82895 ,7261 ,2825 ,23202 ,15563 ,43277 ,2136 
2018-07-01,9086 ,12943 ,5255 ,3460 ,2964 ,112920 ,0 ,0 ,1497 ,14953 ,2663 ,133098 ,32514 ,0 ,771 ,0 ,834 ,881 ,817 ,348219 ,9983 ,19187 ,70906 ,0 ,45691 ,14186 ,56702 ,176705 ,2597 ,6637 ,8917 ,0 ,118925 ,0 ,0 ,17675 ,1340 ,340645 ,1900 ,0 ,25445 ,9991 ,1767 ,2158 ,0 ,44939 ,78257 ,0 ,17186 ,0 ,2623 ,772483 ,20366 ,1278 ,3418303 ,0 ,14298 ,0 ,44312 ,74958565 ,0 ,0 ,1374 ,1908 ,2199 ,234407 ,16350 ,10223 ,0 ,7502 ,0 ,0 ,707383 ,0 ,75 ,6381 ,9707 ,2403 ,21515 ,16370 ,403 ,0 ,59080 ,0 ,0 ,5631 ,717409 ,4310 ,6802 ,16644 ,1900 ,1682 ,20284 ,0 ,0 ,5718 ,837573 ,514796 ,1940 ,1718 ,21389 ,0 ,0 ,3805 ,1677 ,92039 ,0 ,294465 ,0 ,5415 ,281387 ,0 ,16634 ,0 ,59765 ,17260 ,445530 ,4104323 ,138846 ,0 ,453366 ,2199 ,26380 ,20726 ,4114 ,13066 ,126183 ,322742 ,2382 ,0 ,2290 ,6462 ,25389 ,292421 ,0 ,216831 ,9865 ,34 ,20739 ,0 ,0 ,0 ,91517 ,1337 ,1672 ,21709 ,16196 ,2116320 ,27544 ,104675 ,127646 ,4406 ,0 ,22794 ,79184 ,0 ,331230 ,0 ,1767 ,325426 ,2985 ,37381 ,75147 ,16439 ,0 ,0 ,0 ,119823 ,0 ,3064 ,859 ,0 ,4905 ,367 ,2321 ,504 ,18825 ,29403 ,626168 ,2985 ,0 ,8104638 ,155599 ,267155 ,17697 ,26651 ,9048 ,0 ,251792 ,628 ,0 ,5620 ,8893 ,2736 ,7572 ,0 ,1015 ,0 ,1067 ,255 ,146228 ,6963 ,0 ,600 ,758999 ,43328 ,0 ,7919 ,47250 ,0 ,0 ,5031 ,613 ,86967 ,11478 ,0 ,28494 ,6928 ,10544 ,53146 ,61295 ,317266 ,7971 ,327241 ,246925 ,1149 ,4173 ,0 ,992 ,0 ,1328 ,0 ,165652 ,113477 ,0 ,46721 ,1767 ,4439 ,93662 ,190766 ,372158 ,332248 ,14391 ,0 ,7121 ,673856 ,65333 ,71300 ,1059 ,753 ,580313 ,28706 ,3147 ,0 ,14850 ,0 ,134883 ,657 ,0 ,168 ,905197 ,41499 ,93 ,1141 ,0 ,136 ,3748 ,0 ,93565 ,3368 ,753 ,0 ,47961 ,11633 ,2885 ,11487 ,9796 ,62321 ,11080 ,0 ,58250 ,2646 ,4862 ,55677 ,395619 ,2985 ,31830 ,3078 ,765577 ,0 ,0 ,537586 ,403 ,0 ,0 ,38257 ,5649 ,13265 ,19147 ,2895 ,0 ,0 ,53235 ,4198 ,393722 ,28668 ,230 ,2668 ,74099 ,71095 ,12385 ,39877 ,102979 ,1466 ,55263 ,20259 ,230 ,4118 ,8292 ,1499 ,2120 ,203878 ,2262 ,1626 ,1277 ,220837 ,1497 ,1991 ,0 ,14758 ,7315 ,157669 ,752694 ,76889 ,32659 ,20023 ,503799 ,1518090 ,1198323 ,1615605 ,7850 ,81955 ,300599 ,42792 ,8432 ,17264 ,1800483 ,7751 ,11931 ,7069 ,18985 ,200364 ,1766 ,0 ,62503 ,0 ,396658 ,0 ,373 ,104634 ,858 ,26126 ,67031 ,102261 ,170700 ,649486 ,5620 ,18689 ,13151 ,898 ,454 ,0 ,873458 ,7409 ,4050 ,1836 ,100860 ,6738 ,476514 ,0 ,0 ,2831 ,1802 ,659 ,3905528 ,0 ,0 ,95329 ,403 ,14051 ,55359 ,602 ,185217 ,1879 ,7683 ,96226 ,6376 ,49435 ,0 ,854 ,80532 ,3790 ,5122 ,0 ,0 ,0 ,976539 ,848266 ,403 ,3823 ,390920 ,2438 ,0 ,50009 ,339 ,10608 ,0 ,0 ,2781 ,52674 ,0 ,2895 ,47320 ,8415 ,2025 ,1076 ,23877 ,778 ,3829 ,1767 ,0 ,20121 ,0 ,52937 ,0 ,6059 ,0 ,0 ,3740 ,0 ,0 ,8303 ,0 ,0 ,0 ,101262 ,101864 ,7325 ,2325982 ,4428 ,0 ,2682 ,0 ,167689 ,12090 ,7920 ,0 ,0 ,6740 ,22931 ,3242 ,0 ,29367 ,109024 ,3809 ,150355 ,4840 ,102513 ,1024048 ,2266 ,61445 ,52961 ,1241 ,3488 ,280419 ,7751 ,6740 ,0 ,1410 ,7949 ,40375 ,0 ,70043 ,22347 ,0 ,165 ,3639 ,3540 ,0 ,0 ,6216 ,482645 ,0 ,907 ,61885 ,33405 ,29028 ,19390 ,14290 ,42256 ,300062 ,36330 ,0 ,0 ,603241 ,469221 ,1654 ,651691 ,0 ,10612 ,9587 ,6256 ,1848994 ,0 ,0 ,20122 ,0 ,105367 ,4650 ,1577 ,55547 ,74450 ,0 ,88590 ,197324 ,6270 ,35373 ,0 ,44003 ,2141 ,82256 ,1996 ,0 ,1695 ,1803 ,9975 ,3598 ,19964 ,70120 ,96080 ,2357 ,2357 ,5109 ,4947 ,77242 ,0 ,1006062 ,0 ,53697 ,1815 ,50005 ,2290 ,134914 ,2269 ,2333 ,525 ,141126 ,0 ,838 ,4289 ,4289 ,4878 ,6278 ,28810 ,0 ,12314 ,41779 ,0 ,4789 ,306062 ,57657450 ,403 ,7508 ,78628 ,562315 ,5405 ,27311 ,40130 ,119537 ,68586 ,1517813 ,0 ,9858 ,10558 ,21743 ,11277 ,76 ,4991 ,0 ,238 ,7484 ,1694 ,9956 ,0 ,0 ,586678 ,1387 ,5971 ,49418 ,1423659 ,561862 ,0 ,197877 ,1513 ,14469 ,4267 ,0 ,15083 ,7322 ,352 ,1305 ,0 ,30199 ,546497 ,0 ,0 ,1575 ,11226 ,33008 ,2387 ,19727 ,54740 ,1466 ,2550 ,0 ,0 ,0 ,106913 ,5059 ,13544 ,9306 ,526 ,1336131 ,0 ,103798 ,763408 ,358154 ,507 ,7225 ,2405 ,2169 ,6908 ,14948 ,6229 ,19668 ,53099 ,36004 ,820346 ,10475 ,6848 ,4082 ,59415 ,11206 ,1632 ,102243 ,0 ,5365819 ,0 ,230 ,0 ,2008 ,1653 ,0 ,152482 ,1633 ,218232 ,0 ,294 ,460809 ,17876 ,3180 ,91329 ,7486 ,13737367 ,27860 ,129227 ,4232 ,8180 ,3593 ,0 ,282 ,1964 ,34942 ,117383 ,21235 ,74781 ,182171 ,5846 ,3615 ,398 ,8299 ,12036 ,2967 ,0 ,230 ,15993 ,15993 ,55906373 ,455598 ,7673 ,5813 ,741618 ,1440708 ,137485 ,0 ,4489 ,17394 ,137777 ,4994 ,92424 ,4657 ,37452 ,104134 ,3805 ,11175 ,4690 ,2843 ,482 ,0 ,7236009 ,0 ,483446 ,13348425 ,147787 ,33341 ,18637 ,469 ,383751 ,0 ,28291 ,1362 ,0 ,0 ,0 ,1266 ,0 ,102688 ,23553 ,18430 ,0 ,26962 ,289878 ,13872 ,0 ,5191 ,11338 ,907 ,0 ,0 ,3142 ,0 ,504815 ,0 ,2431411 ,29349 ,320 ,748165595 ,0 ,5602 ,213 ,3228 ,1071369 ,2367 ,36501 ,3387 ,867635 ,18328 ,6360 ,194 ,38610 ,0 ,0 ,4791 ,1761 ,13518 ,781272 ,13723 ,110770 ,59480 ,1351 ,0 ,0 ,23144 ,0 ,0 ,0 ,67259 ,3122 ,0 ,1650 ,610435 ,1651 ,258891 ,3223 ,0 ,1577 ,0 ,14331 ,0 ,0 ,40340 ,25609 ,514 ,61293 ,69744 ,24260 ,461002 ,22583 ,9309 ,5803 ,0 ,0 ,5776 ,1720911 ,4070 ,177045 ,0 ,1141 ,1054046 ,5125 ,3240 ,24999 ,1463 ,138082 ,90770 ,28239 ,1662 ,439 ,10275 ,40 ,0 ,4227 ,0 ,12057 ,16227 ,17223 ,0 ,2406 ,50535 ,50819 ,8739 ,2843 ,4114 ,43051 ,0 ,33769626 ,2092092 ,3293473 ,60875 ,917644 ,3206573 ,107201 ,84307 ,0 ,292531 ,4710 ,0 ,31954 ,30452 ,7570 ,0 ,0 ,0 ,0 ,1519 ,511288 ,115945 ,0 ,85870 ,0 ,0 ,470483 ,0 ,61090 ,328587 ,1616 ,0 ,151807 ,0 ,5765 ,0 ,25768 ,2733 ,3053 ,5446 ,143620 ,21992 ,123247 ,3772 ,292758 ,3190 ,95542 ,1697 ,2454 ,116177 ,938922 ,0 ,481462 ,469 ,0 ,6924 ,0 ,586 ,5618 ,204007 ,0 ,10547822 ,41060 ,28287 ,0 ,278458 ,38317 ,8807 ,15163 ,71953 ,47170 ,10514 ,12350 ,0 ,102419 ,4954589 ,0 ,9698 ,654753 ,221241 ,306 ,174688 ,61 ,23743 ,108 ,10074 ,178807 ,1788876 ,33927 ,9858 ,371983 ,563885 ,1945 ,8776 ,402 ,53326 ,387028 ,38996 ,0 ,2755 ,0 ,102554 ,534245 ,21401 ,0 ,0 ,54044 ,254498 ,62244 ,30192 ,106161 ,4822 ,0 ,104248 ,3637681 ,40 ,1645 ,3658 ,178597 ,5298 ,2782080 ,21767 ,95280 ,34279 ,39153 ,0 ,3326 ,7489 ,207101 ,5633 ,50304 ,213870 ,3675 ,3270 ,6944 ,4604 ,85796 ,230 ,212391 ,9587 ,8138 ,3267949 ,4151351 ,15153 ,3123517 ,1962 ,77581 ,0 ,0 ,12754 ,0 ,0 ,0 ,573959 ,2272 ,1497 ,0 ,131465 ,858 ,422948 ,1073 ,1900 ,36504 ,14451 ,6583 ,20985 ,3683 ,0 ,0 ,14103 ,11953 ,1702348 ,0 ,5075 ,1943 ,28960 ,60931 ,14247 ,2668 ,50592 ,0 ,22316 ,0 ,3386 ,2741 ,0 ,0 ,0 ,8048 ,34505 ,4855 ,385560 ,2493668193 ,0 ,0 ,4527 ,276 ,2862 ,1019 ,7316 ,1434 ,1804178 ,116799 ,13088 ,59807 ,0 ,70069 ,0 ,0 ,0 ,19528 ,2663 ,240299 ,72945 ,4563 ,10023 ,21307 ,21230 ,0 ,0 ,0 ,118957 ,7072 ,1187 ,1214 ,0 ,58146 ,0 ,10242 ,91965 ,189252 ,85440 ,199405 ,0 ,4099 ,368426 ,0 ,278277 ,47021 ,2759 ,2559 ,0 ,3896 ,116467 ,1658 ,0 ,1884075 ,259652 ,0 ,0 ,299068 ,7081 ,1430 ,0 ,2844 ,0 ,73284 ,8457 ,602 ,14274 ,3603 ,11371 ,43547 ,68760 ,7431 ,2725 ,8694 ,67 ,20845 ,16408 ,7956 ,0 ,5607 ,416463 ,0 ,938 ,938 ,15491 ,606349 ,1274 ,375353 ,4853 ,29887 ,1952 ,8125 ,1383 ,4791 ,0 ,0 ,64548 ,7506 ,4931 ,59589 ,31993 ,43431 ,2728 
2018-08-01,12752 ,5157 ,5952 ,2535 ,2025 ,26847 ,0 ,0 ,2146 ,15284 ,7379 ,116905 ,23107 ,0 ,902 ,0 ,1643 ,180 ,556 ,391954 ,49613 ,16148 ,85679 ,0 ,51442 ,13826 ,62047 ,171935 ,277 ,11985 ,8017 ,0 ,170431 ,0 ,0 ,10905 ,896 ,342766 ,2931 ,0 ,9158 ,7153 ,4116 ,5940 ,0 ,38728 ,43100731 ,0 ,9323 ,0 ,2500 ,627861 ,22241 ,556 ,3425396 ,0 ,13240 ,0 ,24429 ,74250379 ,0 ,0 ,491 ,1662 ,4521 ,520922 ,9973 ,15920 ,0 ,2036 ,0 ,0 ,929493 ,0 ,401 ,3111 ,5460 ,5888 ,26472 ,5800 ,0 ,0 ,108036 ,0 ,0 ,4443 ,520653 ,18543 ,6696 ,47275 ,4397 ,3572 ,5528 ,0 ,0 ,4728 ,877888 ,552291 ,2765 ,381 ,22359 ,0 ,0 ,3644 ,68320 ,81538 ,0 ,281090 ,0 ,7463 ,215456 ,0 ,19940 ,0 ,68021 ,35474 ,411561 ,4202786 ,103363 ,0 ,368627 ,1252 ,130415 ,30955 ,9951 ,4649 ,120227 ,272245 ,2979 ,4885 ,0 ,7841 ,22302 ,274308 ,0 ,238031 ,9248 ,467 ,17828 ,5486 ,0 ,0 ,99034 ,1728 ,2259 ,10507 ,18878 ,1958305 ,9562 ,159439 ,63988 ,3313 ,0 ,15042 ,71923 ,0 ,286106 ,0 ,325 ,329339 ,3213 ,35008 ,63167 ,4452 ,0 ,0 ,0 ,401174 ,0 ,4054 ,415 ,0 ,4333 ,328 ,638 ,2931 ,24096 ,21443 ,669546 ,2260 ,0 ,8857912 ,141596 ,99918 ,25129 ,30915 ,6483 ,0 ,228975 ,141 ,0 ,4947 ,0 ,2879 ,8431 ,0 ,556 ,0 ,296 ,95 ,141870 ,7296 ,0 ,1657 ,576560 ,41828 ,0 ,12859 ,97568 ,0 ,0 ,3838 ,0 ,101607 ,16616 ,0 ,15994 ,6327 ,11287 ,86274 ,91466 ,295550 ,4897 ,266704 ,223867 ,163 ,3090 ,45 ,1279 ,4557 ,1494 ,509 ,191234 ,104128 ,0 ,81787 ,2431 ,6211 ,66336 ,168507 ,440733 ,300346 ,10817 ,0 ,8447 ,598320 ,78489 ,20268 ,991 ,345 ,606323 ,27165 ,5641 ,2431 ,11819 ,0 ,113250 ,556 ,0 ,52 ,1618900 ,73116 ,325 ,325 ,0 ,0 ,2208 ,0 ,142561 ,6128 ,3548 ,0 ,32300 ,13676 ,3043 ,9634 ,7607 ,59336 ,5361 ,268 ,69425 ,1407 ,8399 ,48287 ,306641 ,3436 ,23359 ,4747 ,835190 ,0 ,0 ,528360 ,325 ,0 ,0 ,20943 ,33999 ,9647 ,11705 ,556 ,0 ,776 ,40913 ,3632 ,311013 ,35381 ,10008 ,965 ,76056 ,37231 ,8128 ,38397 ,78490 ,0 ,26326 ,26823 ,0 ,4953 ,7660 ,2208 ,414 ,178682 ,3655 ,1217 ,4389 ,152742 ,3258 ,8318 ,0 ,8757 ,6538 ,152529 ,701841 ,70834 ,22316 ,27449 ,532329 ,1623944 ,1109962 ,1543037 ,8169 ,70184 ,340044 ,37582 ,6104 ,6407 ,1767315 ,7903 ,4739 ,6009 ,7364 ,160201 ,1688 ,0 ,76200 ,0 ,322030 ,0 ,505 ,132379 ,4066 ,30923 ,73041 ,79333 ,142257 ,634011 ,5560 ,21653 ,41833 ,2195 ,673 ,0 ,807224 ,6506 ,1729 ,2260 ,102871 ,3031 ,587513 ,0 ,0 ,3725 ,1150 ,573 ,3783926 ,0 ,901 ,96347 ,1110 ,9562 ,46938 ,1591 ,203412 ,985 ,16113 ,87391 ,10024 ,47389 ,0 ,1296 ,80045 ,4233 ,11142 ,5731 ,0 ,0 ,605883 ,748296 ,650 ,12240 ,1687750 ,3185 ,0 ,64620 ,122 ,14446 ,0 ,0 ,5434 ,25541 ,0 ,5860 ,54582 ,10213 ,3994 ,0 ,27257 ,556 ,1994 ,556 ,0 ,22787 ,0 ,40617 ,0 ,1719 ,0 ,0 ,3144 ,0 ,0 ,9085 ,631 ,0 ,0 ,102765 ,67528 ,6164 ,2339012 ,3203 ,0 ,1073 ,0 ,236954 ,15493 ,4554 ,0 ,0 ,4203 ,29345 ,9043 ,0 ,23962 ,116528 ,3504 ,156502 ,4619 ,101506 ,1023149 ,1681 ,56588 ,39558 ,1190 ,4687 ,296272 ,8049 ,8426 ,754 ,1016 ,7137 ,40096 ,373 ,71122 ,26700 ,0 ,0 ,887 ,4277 ,0 ,4013 ,5183 ,527661 ,0 ,2431 ,64112 ,28342 ,23768 ,16748 ,7802 ,33398 ,297386 ,34556 ,0 ,0 ,495165 ,1052830 ,1106 ,534369 ,0 ,5214 ,4159 ,6739 ,1720542 ,0 ,0 ,24330 ,0 ,105794 ,9994 ,178 ,57129 ,72010 ,0 ,94296 ,200084 ,5252 ,13117 ,0 ,22668 ,1808 ,68275 ,2064 ,0 ,896 ,3312 ,6992 ,3336 ,41464 ,60512 ,104245 ,3224 ,3224 ,1373 ,3872 ,70734 ,0 ,908844 ,0 ,68707 ,2536 ,49148 ,4097 ,125985 ,4115 ,1284 ,67 ,148134 ,0 ,441 ,2548 ,2548 ,1475 ,5509 ,19792 ,0 ,3645 ,69637 ,0 ,8626 ,274453 ,62026456 ,0 ,14019 ,75517 ,536216 ,4795 ,22932 ,35882 ,131238 ,61695 ,1497776 ,0 ,10841 ,13160 ,76729 ,881 ,385 ,2231 ,0 ,325 ,8225 ,633 ,3470 ,0 ,0 ,521027 ,0 ,3623 ,42156 ,1562169 ,558136 ,0 ,217822 ,4116 ,14840 ,3221 ,0 ,16997 ,9504 ,680 ,829 ,0 ,29596 ,510855 ,17600 ,0 ,93 ,5965 ,38006 ,5508 ,16989 ,44157 ,195 ,2032 ,0 ,0 ,0 ,117440 ,1337 ,2781 ,11958 ,1797 ,1380636 ,0 ,97185 ,1161142 ,1603087 ,992 ,12368 ,3459 ,2900 ,6819 ,2431 ,5544 ,16287 ,57482 ,26741 ,563851 ,25571 ,5400 ,2062 ,59125 ,16542 ,5657 ,77819 ,0 ,6120644 ,0 ,0 ,0 ,1714 ,325 ,0 ,173249 ,2542 ,193699 ,0 ,0 ,512764 ,17294 ,1445 ,90481 ,2368 ,14203605 ,20241 ,145248 ,4880 ,7975 ,3070 ,0 ,3203 ,842 ,69509 ,136893 ,337252 ,77704 ,184240 ,8453 ,2401 ,45 ,1520 ,5133 ,1070 ,0 ,844 ,8601 ,8601 ,45099889 ,784098 ,34349 ,5174 ,677519 ,1390174 ,153669 ,45 ,4433 ,20697 ,118550 ,4180 ,91720 ,2907 ,16762 ,108376 ,3379 ,12816 ,6904 ,16135 ,288 ,0 ,6591685 ,0 ,307684 ,13313240 ,208903 ,45140 ,15398 ,325 ,354490 ,0 ,18115 ,336 ,0 ,0 ,881 ,752 ,0 ,84972 ,21016 ,12872 ,2610 ,21502 ,332168 ,15328 ,245 ,5210 ,5935 ,3258 ,0 ,0 ,7544 ,0 ,465205 ,0 ,2343788 ,16180 ,410 ,792574456 ,0 ,4496 ,1397 ,2808 ,711709 ,0 ,18287 ,2350 ,791013 ,20350 ,7719 ,1096 ,36848 ,0 ,0 ,385 ,3300 ,10709 ,800959 ,14177 ,119826 ,49028 ,1109 ,0 ,0 ,23766 ,0 ,2146 ,0 ,57145 ,3879 ,0 ,1972 ,1225355 ,2561 ,206880 ,6036 ,0 ,0 ,0 ,15156 ,0 ,0 ,34316 ,24797 ,1705 ,26493 ,62760 ,41057 ,408250 ,16914 ,7010 ,5989 ,646 ,0 ,5654 ,1417264 ,3175 ,168770 ,0 ,0 ,1030667 ,4556 ,2020 ,15193 ,4012 ,141376 ,64826 ,32583 ,2538 ,2027 ,12971 ,84 ,0 ,3552 ,0 ,11681 ,24682 ,17824 ,1041 ,1862 ,40019 ,82512 ,9670 ,325 ,2489 ,20338 ,0 ,33364896 ,2063973 ,2994512 ,72145 ,867144 ,3208539 ,231135 ,76104 ,0 ,263698 ,5101 ,0 ,35763 ,35519 ,3961 ,0 ,0 ,1150 ,0 ,2518 ,382778 ,72927 ,0 ,144093 ,0 ,0 ,453682 ,0 ,55037 ,433510 ,520 ,0 ,155791 ,0 ,9529 ,0 ,54533 ,144 ,801 ,4854 ,121516 ,25562 ,101517 ,16470 ,270179 ,4105 ,93999 ,0 ,196 ,107322 ,1000471 ,0 ,335529 ,776 ,0 ,4486 ,0 ,606 ,667 ,221479 ,0 ,9747053 ,35794 ,27774 ,0 ,352014 ,18992 ,22888 ,8916 ,75936 ,47091 ,39003 ,13328 ,0 ,59378 ,4250744 ,0 ,7189 ,497575 ,137344 ,0 ,178327 ,410 ,18326 ,320 ,14213 ,180448 ,1585026 ,41148 ,984 ,483889 ,553003 ,2398 ,88049 ,202 ,76517 ,363627 ,16906 ,325 ,1150 ,1821 ,96416 ,454587 ,36653 ,0 ,0 ,102120 ,276721 ,57583 ,22089 ,107217 ,3772 ,0 ,112987 ,3563863 ,84 ,137 ,4012 ,191248 ,704 ,3683964 ,23387 ,112437 ,32231 ,46852 ,0 ,2795 ,13941 ,219039 ,14742 ,43809 ,240223 ,2975 ,935 ,4928 ,14867 ,79361 ,345 ,105002 ,62740 ,2715 ,2748991 ,3919335 ,15272 ,3256260 ,1503 ,67464 ,0 ,0 ,9007 ,0 ,0 ,0 ,633044 ,3431 ,1495 ,0 ,140896 ,1603 ,466924 ,663 ,0 ,34784 ,10341 ,4528 ,44085 ,3572 ,0 ,0 ,27760 ,2931 ,1714771 ,0 ,3015 ,2284 ,39624 ,88416 ,17931 ,1142 ,17458 ,0 ,24945 ,3447 ,2611 ,3438 ,0 ,0 ,0 ,7455 ,31626 ,2674 ,457079 ,2676637806 ,0 ,676 ,5626 ,5285 ,3193 ,842 ,5617 ,6833 ,1604718 ,88697 ,15766 ,52325 ,0 ,59615 ,0 ,443 ,0 ,11055 ,2624 ,260538 ,99987 ,3990 ,9957 ,21591 ,43961 ,0 ,1475 ,0 ,113931 ,2734 ,245 ,1304 ,0 ,17838 ,0 ,9983 ,122113 ,122054 ,73549 ,152431 ,0 ,6042 ,323321 ,0 ,304655 ,37736 ,2935 ,5709 ,0 ,3111 ,121841 ,64 ,0 ,2504771 ,251485 ,0 ,0 ,253879 ,4039 ,1266 ,0 ,2260 ,0 ,77903 ,8014 ,19738 ,16739 ,4333 ,6073 ,56407 ,78725 ,4966 ,3442 ,5058 ,3535 ,16037 ,5777 ,3234 ,0 ,6243 ,371511 ,257 ,1069 ,1069 ,12084 ,741991 ,933 ,396724 ,5524 ,25986 ,4253 ,4852 ,1254 ,2216 ,0 ,0 ,59699 ,5328 ,5383 ,113680 ,39595 ,58322 ,898 
2018-09-01,9633 ,5121 ,7392 ,1438 ,1838 ,63788 ,47113 ,0 ,1819 ,17893 ,4700 ,27050 ,17706 ,0 ,707 ,0 ,2777 ,584 ,1800 ,385823 ,42305 ,4015 ,56979 ,51660 ,44246 ,13155 ,36432 ,155684 ,1106 ,9076 ,4475 ,34122 ,98577 ,0 ,0 ,11889 ,2125 ,335069 ,1091 ,0 ,13389 ,12950 ,5202 ,9131 ,0 ,41183 ,44029983 ,696 ,14419 ,0 ,2020 ,643250 ,21003 ,378 ,3444396 ,6868 ,14029 ,0 ,48265 ,78523437 ,0 ,0 ,1049 ,0 ,2708 ,484609 ,19247 ,4865 ,0 ,3179 ,0 ,0 ,893748 ,0 ,457 ,3589 ,7751 ,1877 ,22010 ,3277 ,0 ,0 ,57326 ,0 ,2200 ,4132 ,449910 ,23553 ,6358 ,48140 ,2367 ,1741 ,12898 ,0 ,0 ,4645 ,880925 ,537141 ,1764 ,1941 ,11745 ,0 ,0 ,1274 ,76337 ,109182 ,3538 ,285728 ,0 ,4141 ,212883 ,0 ,10971 ,0 ,72398 ,27041 ,418232 ,4300782 ,122646 ,7821 ,252092 ,367 ,313045 ,25950 ,3383 ,5706 ,160635 ,264148 ,4482 ,4538 ,0 ,8173 ,18922 ,272956 ,0 ,254240 ,13560 ,1 ,36545 ,3374 ,0 ,0 ,144757 ,1270 ,898 ,5648 ,25928 ,1673143 ,18485 ,127404 ,34466 ,3772 ,0 ,17430 ,78183 ,0 ,259839 ,0 ,0 ,230045 ,4021 ,30910 ,84245 ,9309 ,0 ,347902 ,1374 ,362778 ,0 ,7791 ,0 ,0 ,8498 ,176 ,677 ,1764 ,20009 ,9294 ,741820 ,445 ,0 ,8841978 ,124661 ,87701 ,17832 ,19086 ,8896 ,0 ,280761 ,514 ,0 ,4682 ,0 ,5144 ,4676 ,49597 ,0 ,0 ,872 ,695 ,116014 ,3305 ,0 ,2269 ,598517 ,71738 ,0 ,13471 ,85720 ,0 ,0 ,1514 ,1660 ,102785 ,12434 ,20850 ,17767 ,4021 ,9651 ,65884 ,64303 ,281731 ,7319 ,329357 ,208270 ,3819 ,1819 ,378 ,200 ,1605 ,6132 ,0 ,184601 ,37853 ,0 ,83174 ,974 ,10807 ,63339 ,176460 ,493990 ,283910 ,17836 ,0 ,6464 ,615034 ,66034 ,54411 ,412 ,0 ,625443 ,22677 ,6022 ,2904 ,16335 ,11144 ,156692 ,823 ,0 ,445 ,1968199 ,56760 ,445 ,0 ,0 ,0 ,5228 ,762 ,165808 ,3304 ,4214 ,0 ,27390 ,14384 ,3338 ,6989 ,9408 ,56388 ,4938 ,1524 ,67095 ,3782 ,8139 ,57622 ,325202 ,4897 ,21844 ,7018 ,1039706 ,0 ,1419 ,606126 ,1811 ,0 ,0 ,25631 ,14569 ,14285 ,3767 ,600 ,911 ,828 ,42597 ,4455 ,329916 ,53681 ,3976 ,2502 ,53491 ,50082 ,9716 ,46262 ,89036 ,0 ,53011 ,59404 ,0 ,897 ,4176 ,2132 ,1399 ,281038 ,2113 ,1758 ,445 ,176178 ,3412 ,1630 ,0 ,11592 ,17860 ,151499 ,690376 ,77269 ,37814 ,11723 ,497429 ,1516423 ,996054 ,1956124 ,10885 ,55139 ,440269 ,29421 ,5141 ,9257 ,1716956 ,6343 ,6144 ,5185 ,8201 ,123500 ,578 ,0 ,70033 ,0 ,486862 ,3998 ,844 ,70960 ,1037 ,22423 ,56040 ,95463 ,162911 ,622703 ,7151 ,13250 ,166972 ,2702 ,0 ,4517 ,712042 ,5646 ,4253 ,823 ,131902 ,1215 ,579243 ,1834 ,0 ,3513 ,974 ,141 ,3773534 ,0 ,549 ,129100 ,459 ,18485 ,33384 ,882 ,15974 ,831 ,6379 ,73982 ,8280 ,37432 ,115997 ,2671 ,80677 ,7123 ,1677 ,11229 ,0 ,0 ,809827 ,798818 ,823 ,6508 ,1821323 ,4884 ,0 ,50580 ,208 ,20780 ,0 ,0 ,3778 ,18107 ,0 ,2555 ,52002 ,4325 ,915 ,0 ,14108 ,1227 ,378 ,3794 ,155068 ,14171 ,0 ,46870 ,1126 ,2412 ,0 ,2689 ,2309 ,0 ,0 ,9491 ,2165 ,974 ,706 ,68937 ,86984 ,10029 ,2307661 ,3804 ,0 ,2080 ,0 ,179090 ,12083 ,3219 ,0 ,0 ,5245 ,52184 ,3085 ,0 ,24838 ,124698 ,1227 ,143380 ,5016 ,106258 ,1068205 ,1874 ,51586 ,43804 ,4465 ,5378 ,258998 ,5999 ,7632 ,1605 ,2674 ,7109 ,41135 ,672 ,65045 ,16726 ,0 ,0 ,420 ,7969 ,0 ,2647 ,3256 ,601665 ,0 ,2647 ,50960 ,33622 ,31277 ,19691 ,9156 ,50310 ,306646 ,44000 ,0 ,8534 ,469131 ,880424 ,2923 ,371559 ,0 ,5922 ,1944 ,4927 ,1563658 ,0 ,0 ,32637 ,8898 ,77947 ,11833 ,818 ,70590 ,36670 ,0 ,59718 ,185436 ,3832 ,10174 ,0 ,21611 ,7597 ,53639 ,3448 ,1660 ,1723 ,5492 ,8892 ,5192 ,31478 ,84768 ,94840 ,190 ,190 ,936 ,4390 ,58107 ,3921 ,785252 ,0 ,91311 ,2006 ,47497 ,2601 ,178853 ,2557 ,1419 ,2425 ,125635 ,16605 ,70 ,1586 ,1586 ,1764 ,8458 ,12267 ,0 ,2643 ,27134 ,0 ,5759 ,364424 ,60243569 ,0 ,12219 ,131892 ,476782 ,4220 ,37066 ,38063 ,187701 ,68448 ,952311 ,0 ,7581 ,26577 ,35681 ,547 ,46 ,3096 ,1659 ,0 ,13239 ,0 ,3830 ,0 ,15622 ,500288 ,0 ,5682 ,27818 ,1750313 ,556914 ,0 ,208155 ,1673 ,9286 ,2951 ,0 ,18614 ,10108 ,0 ,1360 ,0 ,25522 ,476920 ,301 ,0 ,332 ,8074 ,44278 ,4824 ,19939 ,43641 ,85 ,4182 ,43183 ,0 ,63000 ,127702 ,198 ,11125 ,10736 ,878 ,1488499 ,0 ,99682 ,573336 ,1546763 ,0 ,11751 ,2249 ,2161 ,4979 ,6494 ,6817 ,13743 ,48416 ,38432 ,321667 ,24193 ,4690 ,1867 ,36220 ,9968 ,1077 ,52743 ,1926382 ,8717268 ,0 ,0 ,3583 ,1122 ,378 ,0 ,210842 ,2306 ,188064 ,0 ,0 ,452783 ,9008 ,2203 ,73781 ,6549 ,14463575 ,13231 ,106552 ,4427 ,43145 ,1931 ,0 ,2807 ,437 ,31123 ,108024 ,355355 ,73575 ,157368 ,6753 ,3489 ,46 ,7246 ,13319 ,668 ,0 ,828 ,7095 ,7095 ,40681413 ,690120 ,8091 ,11266 ,771928 ,1245947 ,155592 ,0 ,3082 ,20890 ,120172 ,6689 ,85177 ,0 ,20357 ,104057 ,2967 ,8571 ,2583 ,2885 ,0 ,0 ,6423786 ,0 ,339690 ,13657952 ,90670 ,29744 ,13078 ,46 ,335311 ,0 ,14120 ,986 ,28694 ,0 ,445 ,426 ,0 ,118583 ,13616 ,10229 ,1045 ,20841 ,300494 ,15134 ,176 ,5003 ,4769 ,3216 ,231431 ,0 ,4695 ,0 ,514878 ,0 ,2360857 ,15279 ,1005 ,821636825 ,0 ,11291 ,103 ,2087 ,711801 ,0 ,17114 ,3181 ,886849 ,21869 ,6254 ,224 ,53146 ,0 ,12870 ,1909 ,1595 ,9176 ,890862 ,19142 ,119671 ,29778 ,1038 ,32525 ,0 ,29015 ,1374 ,2589 ,378 ,60442 ,5144 ,0 ,1788 ,1192340 ,8954 ,153456 ,5202 ,0 ,0 ,1930 ,11052 ,18964 ,0 ,43270 ,27233 ,2417 ,24564 ,56150 ,57221 ,432831 ,27678 ,6469 ,7020 ,911 ,5553 ,2006 ,1346834 ,5413 ,217966 ,2757 ,0 ,956802 ,4420 ,3619 ,13769 ,5087 ,148437 ,69543 ,44531 ,2658 ,3499 ,14030 ,46 ,0 ,1479 ,34881 ,21944 ,7631 ,16364 ,1766 ,4133 ,36857 ,45898 ,5293 ,629 ,2967 ,136164 ,0 ,33185771 ,1847794 ,2882497 ,21152 ,909191 ,2834218 ,293868 ,122549 ,0 ,269358 ,6571 ,0 ,34809 ,40394 ,3341 ,0 ,0 ,1374 ,0 ,1108 ,406052 ,39720 ,7139 ,71441 ,0 ,0 ,474622 ,0 ,60913 ,486291 ,1215 ,25215 ,176392 ,0 ,8261 ,2704 ,70735 ,86 ,3353 ,10354 ,140384 ,36253 ,105110 ,16190 ,193336 ,2323 ,83358 ,0 ,301 ,28535 ,966719 ,0 ,378542 ,368 ,0 ,5843 ,0 ,1280 ,90 ,234836 ,0 ,9711413 ,44636 ,46340 ,0 ,304488 ,20186 ,36123 ,3350 ,76347 ,42323 ,22325 ,9694 ,9613 ,76664 ,4355190 ,0 ,9456 ,657142 ,146188 ,0 ,177035 ,1846 ,14229 ,435 ,18557 ,226294 ,1667266 ,24036 ,646 ,405268 ,494727 ,4216 ,59657 ,2317 ,72789 ,712507 ,5941 ,378 ,3782 ,823 ,95583 ,448865 ,45868 ,0 ,0 ,133319 ,262897 ,54121 ,26869 ,81478 ,2654 ,0 ,97459 ,3369530 ,46 ,156 ,4654 ,194134 ,697 ,4533037 ,30771 ,113506 ,31726 ,29229 ,0 ,1985 ,3275 ,229004 ,9085 ,35008 ,287971 ,2340 ,437 ,4632 ,4558 ,98015 ,973 ,105470 ,83270 ,2917 ,2852746 ,3528156 ,14511 ,3380455 ,4194 ,54512 ,596 ,0 ,8870 ,0 ,0 ,0 ,586094 ,5570 ,823 ,2695 ,103331 ,1843 ,528286 ,438 ,0 ,53738 ,12524 ,974 ,21709 ,3060 ,0 ,0 ,30030 ,1930 ,1590745 ,7140 ,1524 ,1763 ,10477 ,273445 ,15765 ,744 ,16641 ,0 ,21460 ,3000 ,2549 ,5520 ,0 ,0 ,3062903 ,10512 ,39312 ,3428 ,392233 ,2673911082 ,0 ,2472 ,7628 ,18551 ,6734 ,1523 ,5109 ,2588 ,1855777 ,105122 ,23682 ,49653 ,378 ,67556 ,0 ,574 ,0 ,31755 ,3831 ,254177 ,87405 ,7265 ,13235 ,14519 ,22387 ,0 ,1764 ,0 ,105835 ,2418 ,380 ,1467 ,1372 ,10586 ,0 ,13924 ,114869 ,164637 ,53633 ,216512 ,0 ,7600 ,361534 ,2685 ,346419 ,57048 ,0 ,4607 ,2325 ,3819 ,94393 ,0 ,0 ,2668989 ,279016 ,0 ,0 ,314899 ,5458 ,1018 ,0 ,3000 ,0 ,86109 ,86105 ,368 ,19192 ,4411 ,5914 ,54626 ,78860 ,8208 ,3109 ,7970 ,3228 ,11758 ,4674 ,3965 ,378 ,5313 ,351795 ,0 ,0 ,0 ,19470 ,825904 ,19755 ,456072 ,5015 ,18770 ,4227 ,2639 ,513 ,1764 ,1374 ,0 ,68343 ,12495 ,778 ,21295 ,93853 ,60835 ,1651 
2018-10-01,18345 ,5231 ,2528 ,3354 ,2135 ,16837 ,40826 ,0 ,0 ,13568 ,14022 ,39059 ,15693 ,0 ,885 ,0 ,2019 ,1160 ,2217 ,509103 ,58339 ,1430 ,72519 ,60460 ,38585 ,15330 ,55211 ,169027 ,1269 ,4025 ,4049 ,25103 ,132509 ,0 ,0 ,17483 ,8055 ,320416 ,603 ,0 ,7243 ,14420 ,0 ,3880 ,0 ,30603 ,43456426 ,1189 ,14665 ,0 ,1261 ,669116 ,12949 ,0 ,3311994 ,8040 ,26263 ,0 ,69650 ,71686288 ,363174 ,0 ,524 ,0 ,5608 ,461952 ,84944 ,3507 ,0 ,3824 ,0 ,0 ,1215317 ,0 ,1388 ,5478 ,7815 ,2559 ,12847 ,5464 ,6786 ,0 ,49288 ,0 ,1973 ,2653 ,385761 ,6027 ,6022 ,17587 ,3099 ,5637 ,12263 ,0 ,0 ,9947 ,995299 ,521866 ,1687 ,628 ,19819 ,0 ,0 ,3560 ,38980 ,72918 ,5006 ,259151 ,0 ,9966 ,216913 ,0 ,8501 ,10723 ,77533 ,36002 ,393708 ,4204954 ,108894 ,2585 ,224440 ,603 ,111687 ,54261 ,9164 ,5139 ,123188 ,262298 ,4916 ,4476 ,1153 ,9328 ,17780 ,290061 ,0 ,240451 ,3715 ,321 ,29944 ,8513 ,0 ,0 ,116250 ,134 ,804 ,10818 ,18133 ,1588735 ,46248 ,144532 ,82885 ,848 ,0 ,7667 ,67647 ,0 ,327774 ,0 ,0 ,342166 ,5630 ,23706 ,71194 ,7294 ,1797 ,599328 ,4132 ,385987 ,0 ,6584 ,0 ,0 ,8877 ,49 ,596 ,3582 ,5694 ,12453 ,820270 ,0 ,0 ,7554056 ,140598 ,106390 ,11642 ,23221 ,7313 ,0 ,224131 ,550 ,0 ,5389 ,0 ,6674 ,1766 ,47499 ,0 ,623 ,646 ,2336 ,82804 ,3535 ,0 ,3183 ,559709 ,74879 ,0 ,10198 ,46310 ,0 ,0 ,6523 ,2358 ,68157 ,3667 ,15548 ,17105 ,7565 ,9997 ,68578 ,63068 ,236973 ,5799 ,313023 ,148321 ,4068 ,3185 ,851 ,582 ,4970 ,3134 ,0 ,145213 ,69660 ,9617 ,66252 ,2286 ,8995 ,78233 ,165319 ,580666 ,268605 ,8955 ,0 ,19141 ,532225 ,60206 ,13154 ,1480 ,0 ,650110 ,26298 ,1424 ,5843 ,22754 ,10183 ,152335 ,0 ,0 ,2651 ,1673459 ,52773 ,672 ,0 ,0 ,0 ,4226 ,603 ,134764 ,1931 ,2228 ,0 ,23339 ,10555 ,906 ,5946 ,8229 ,59327 ,5036 ,1382 ,55711 ,2191 ,5750 ,66706 ,207137 ,1668 ,34042 ,6675 ,963468 ,0 ,2741 ,528002 ,0 ,0 ,0 ,21831 ,20028 ,23280 ,2286 ,1388 ,3523 ,1208 ,39100 ,3848 ,324047 ,61404 ,1867 ,1658 ,53779 ,42874 ,10068 ,37600 ,96184 ,0 ,60140 ,47935 ,73 ,4159 ,3981 ,4588 ,32 ,263638 ,346 ,2009 ,3429 ,134776 ,6333 ,314 ,0 ,11521 ,11402 ,130484 ,668032 ,60254 ,23060 ,15738 ,488279 ,1381966 ,938215 ,1452530 ,21526 ,50481 ,450548 ,25434 ,2769 ,7457 ,1714729 ,7726 ,5173 ,5409 ,6800 ,141817 ,2861 ,0 ,53832 ,0 ,291535 ,1797 ,240 ,83951 ,112 ,17929 ,56903 ,82030 ,164061 ,706733 ,2858 ,15624 ,71351 ,4038 ,0 ,7321 ,394155 ,10750 ,9030 ,1381 ,136434 ,1963 ,510677 ,1134 ,0 ,1448 ,603 ,271 ,3780028 ,0 ,3230 ,98144 ,254 ,46248 ,35916 ,482 ,7342 ,3397 ,6325 ,54631 ,16073 ,36865 ,146434 ,851 ,74559 ,8069 ,1075 ,2637 ,0 ,1574 ,769013 ,736339 ,0 ,4370 ,1670684 ,256 ,0 ,55412 ,134 ,14173 ,0 ,0 ,5797 ,6465 ,0 ,1797 ,48257 ,6979 ,1628 ,0 ,13001 ,0 ,1931 ,4198 ,153801 ,11762 ,0 ,37719 ,1115 ,4421 ,0 ,5060 ,4195 ,0 ,0 ,10639 ,1032 ,0 ,0 ,72728 ,152454 ,5530 ,2247587 ,3805 ,0 ,2556 ,0 ,215720 ,12751 ,3476 ,0 ,0 ,3270 ,46975 ,7331 ,0 ,18905 ,152030 ,5675 ,127061 ,2724 ,126702 ,1089148 ,6485 ,55500 ,43509 ,887 ,8947 ,233361 ,11632 ,7336 ,5360 ,0 ,3529 ,43494 ,257 ,88628 ,32407 ,0 ,0 ,1735 ,9507 ,0 ,1326 ,2457 ,555039 ,0 ,2376 ,39120 ,25368 ,33407 ,45376 ,13483 ,42877 ,256876 ,39943 ,550 ,4087 ,458125 ,958783 ,497 ,335285 ,0 ,8448 ,1589 ,5630 ,1623917 ,0 ,844 ,23588 ,6736 ,105773 ,4292 ,158 ,65429 ,42485 ,0 ,24784 ,199810 ,9320 ,18309 ,0 ,17358 ,1630 ,53543 ,5659 ,306 ,603 ,10681 ,13793 ,4476 ,29178 ,61356 ,92817 ,3703 ,3703 ,323 ,6566 ,50201 ,9378 ,822844 ,0 ,95361 ,1219 ,78125 ,550 ,161357 ,6912 ,5367 ,482 ,157727 ,15744 ,73 ,638 ,638 ,1635 ,11444 ,9034 ,0 ,2358 ,29117 ,0 ,5944 ,308317 ,63592680 ,0 ,10336 ,101087 ,434576 ,9060 ,42798 ,27333 ,177097 ,61099 ,996328 ,0 ,10068 ,9423 ,46953 ,852 ,49 ,5221 ,0 ,0 ,9270 ,0 ,1744 ,0 ,14994 ,477942 ,8413 ,4764 ,32539 ,1519110 ,525171 ,0 ,247004 ,2484 ,8387 ,580 ,0 ,21318 ,7308 ,0 ,1465 ,0 ,36943 ,529915 ,3156 ,0 ,1867 ,7632 ,39163 ,9304 ,17541 ,47063 ,0 ,3027 ,37356 ,0 ,80757 ,105532 ,0 ,10105 ,9968 ,2747 ,1277630 ,0 ,116284 ,595240 ,1474328 ,0 ,10141 ,1078 ,134 ,6780 ,0 ,2575 ,11707 ,40005 ,26910 ,305140 ,27177 ,10474 ,1575 ,35908 ,38852 ,937 ,43218 ,2115205 ,6221270 ,0 ,2240 ,13295 ,1200 ,1931 ,0 ,149421 ,7315 ,208048 ,329 ,656 ,338341 ,9157 ,2044 ,79350 ,707 ,16213377 ,17770 ,115076 ,5387 ,38540 ,997 ,0 ,4089 ,1470 ,31943 ,71213 ,339009 ,84939 ,195423 ,6227 ,11297 ,1874 ,1805 ,16306 ,1935 ,0 ,0 ,8963 ,8963 ,41238060 ,656168 ,6433 ,5592 ,730436 ,1226108 ,162107 ,0 ,3939 ,14185 ,127039 ,3908 ,95618 ,0 ,20819 ,114931 ,1381 ,8515 ,13744 ,3180 ,0 ,3889 ,6358022 ,0 ,262981 ,13300668 ,113716 ,42463 ,12084 ,1901 ,304267 ,0 ,16430 ,2172 ,51540 ,0 ,1388 ,614 ,0 ,114141 ,16057 ,11398 ,3008 ,23289 ,276546 ,20274 ,134 ,6416 ,19306 ,550 ,193582 ,0 ,8378 ,0 ,427334 ,2347 ,2112796 ,31486 ,596 ,928754203 ,0 ,3951 ,2761 ,3514 ,729174 ,1585 ,14114 ,2740 ,872936 ,14466 ,5557 ,0 ,40220 ,0 ,11078 ,1268 ,2442 ,16109 ,823852 ,15142 ,95949 ,18001 ,6014 ,22090 ,5360 ,20038 ,5427 ,11257 ,603 ,73496 ,2250 ,0 ,550 ,1117145 ,6971 ,132477 ,9417 ,0 ,0 ,3445 ,10078 ,24931 ,0 ,37356 ,27328 ,210 ,14964 ,57222 ,46372 ,437172 ,6261 ,13272 ,10243 ,1163 ,4704 ,49 ,1511573 ,4840 ,198439 ,6148 ,0 ,967847 ,5489 ,2415 ,16281 ,1253 ,156891 ,143560 ,31740 ,1677 ,157 ,9063 ,0 ,0 ,1860 ,206589 ,16220 ,10288 ,16095 ,6159 ,10986 ,61435 ,40605 ,0 ,2992 ,758 ,43889 ,0 ,32637621 ,1962505 ,2834532 ,21274 ,1017413 ,2914550 ,247462 ,59317 ,603 ,244295 ,4449 ,0 ,27504 ,73506 ,1585 ,0 ,0 ,0 ,0 ,10011 ,508942 ,40000 ,7253 ,85290 ,0 ,1381 ,397150 ,0 ,63685 ,569589 ,6750 ,19389 ,152577 ,0 ,15760 ,1757 ,83114 ,212 ,3089 ,12272 ,119785 ,30954 ,90568 ,14532 ,185021 ,806 ,95660 ,0 ,550 ,26298 ,854450 ,0 ,365261 ,0 ,0 ,5760 ,334 ,4262 ,550 ,231274 ,0 ,9886564 ,44205 ,17120 ,0 ,200969 ,12170 ,18956 ,4830 ,72626 ,31753 ,5892 ,12330 ,8306 ,63443 ,4051170 ,0 ,7328 ,581386 ,140487 ,0 ,189283 ,1000 ,24458 ,130 ,22091 ,213096 ,1629950 ,48434 ,666 ,366210 ,502565 ,1811 ,36296 ,531 ,48786 ,697321 ,17509 ,3893 ,4970 ,3061 ,71786 ,563400 ,31572 ,550 ,0 ,134521 ,235850 ,274438 ,21052 ,60454 ,3919 ,392 ,124318 ,3411793 ,0 ,5641 ,5336 ,200688 ,1030 ,7398192 ,37121 ,124303 ,33407 ,20565 ,0 ,6316 ,5362 ,240560 ,8001 ,33295 ,209054 ,2151 ,1779 ,4383 ,3543 ,76462 ,504 ,185853 ,68598 ,6323 ,2568339 ,3430128 ,21963 ,3056435 ,4239 ,33499 ,904 ,0 ,6554 ,0 ,0 ,0 ,606539 ,856 ,1381 ,3649 ,120258 ,158 ,648199 ,405 ,1931 ,86919 ,21837 ,1153 ,36559 ,9810 ,0 ,0 ,34256 ,3586 ,1549273 ,24768 ,1596 ,2080 ,17343 ,168220 ,9946 ,2053 ,10209 ,0 ,20697 ,4970 ,3690 ,4180 ,0 ,0 ,2629261 ,6615 ,27943 ,1885 ,534151 ,2934043712 ,0 ,1885 ,3949 ,2113 ,9802 ,1018 ,10003 ,2059 ,1532087 ,91945 ,8310 ,36897 ,158 ,69416 ,0 ,367 ,0 ,17299 ,2014 ,253579 ,64377 ,8739 ,10004 ,11931 ,22391 ,0 ,1153 ,0 ,92575 ,1915 ,360 ,527 ,1004 ,15723 ,0 ,9113 ,54307 ,119746 ,53772 ,208047 ,0 ,9924 ,348002 ,1901 ,301119 ,38569 ,0 ,2051 ,1392 ,3173 ,93944 ,0 ,0 ,1832726 ,255089 ,0 ,0 ,309945 ,5293 ,1972 ,0 ,5221 ,0 ,69240 ,25489 ,392 ,16139 ,5809 ,4702 ,31090 ,90992 ,16517 ,1399 ,9148 ,2191 ,8732 ,5840 ,6227 ,603 ,5462 ,414320 ,0 ,0 ,0 ,19785 ,734949 ,12778 ,401723 ,6416 ,21198 ,2176 ,8616 ,76 ,3177 ,0 ,0 ,59586 ,13813 ,5202 ,16536 ,87724 ,60141 ,610 
2018-11-01,7334 ,5342 ,6547 ,4131 ,688 ,23946 ,15651 ,0 ,0 ,13560 ,11427 ,81639 ,16053 ,0 ,1084 ,0 ,4468 ,398 ,2144 ,425124 ,63658 ,1291 ,36136 ,57776 ,45053 ,28313 ,60162 ,220558 ,2838 ,5218 ,2910 ,27701 ,136420 ,0 ,0 ,19569 ,458 ,445906 ,2838 ,0 ,21846 ,10923 ,0 ,3450 ,0 ,35582 ,52922758 ,2931 ,11957 ,0 ,2142 ,750324 ,9292 ,0 ,4126951 ,15810 ,30077 ,0 ,86942 ,83924886 ,1205468 ,0 ,778 ,373 ,3298 ,527925 ,18659 ,3462 ,0 ,2427 ,0 ,0 ,1179284 ,0 ,890 ,5692 ,8473 ,2793 ,19933 ,29337 ,8669 ,0 ,34614 ,0 ,3912 ,3573 ,462944 ,26844 ,8632 ,21669 ,2393 ,2543 ,22942 ,0 ,0 ,3989 ,1067444 ,559311 ,1866 ,1796 ,22160 ,0 ,0 ,779 ,34284 ,133102 ,5011 ,355637 ,0 ,8729 ,295837 ,0 ,4028 ,9796 ,92008 ,16572 ,551646 ,4601311 ,131259 ,1097 ,330651 ,0 ,198575 ,39579 ,12805 ,1540 ,120051 ,304725 ,3970 ,2517 ,0 ,11087 ,19523 ,330528 ,0 ,401205 ,8052 ,300 ,24767 ,4419 ,0 ,0 ,150119 ,3068 ,2545 ,10219 ,10157 ,2255098 ,25040 ,131973 ,46604 ,8656 ,0 ,17998 ,73724 ,4576 ,423398 ,0 ,0 ,400194 ,1573 ,22022 ,105834 ,9973 ,2110 ,784430 ,6739 ,796288 ,0 ,9553 ,720 ,0 ,13414 ,345 ,2633 ,5643 ,5711 ,14492 ,939585 ,0 ,0 ,7101957 ,103622 ,91892 ,13265 ,36470 ,10977 ,0 ,255731 ,677 ,161 ,2680 ,0 ,4478 ,5086 ,48741 ,466 ,526 ,5460 ,1302 ,160205 ,2941 ,0 ,352 ,833257 ,89101 ,0 ,11160 ,72863 ,0 ,0 ,3785 ,5061 ,76538 ,7670 ,23185 ,15540 ,4919 ,22570 ,142475 ,128539 ,319549 ,5339 ,399405 ,134603 ,4765 ,2146 ,1523 ,2416 ,537 ,1474 ,0 ,396220 ,97803 ,8620 ,71537 ,10751 ,6364 ,66810 ,172937 ,749964 ,355450 ,13267 ,0 ,17284 ,663390 ,82505 ,7875 ,1509 ,0 ,900057 ,33787 ,2481 ,3053 ,26573 ,9372 ,159854 ,0 ,0 ,995 ,2168090 ,61266 ,542 ,0 ,0 ,0 ,1657 ,995 ,109153 ,2838 ,7592 ,0 ,33633 ,16822 ,1232 ,11381 ,12969 ,77411 ,11016 ,261 ,71343 ,8475 ,3868 ,71591 ,270156 ,30 ,28493 ,3103 ,1441100 ,0 ,2518 ,753572 ,0 ,2528 ,0 ,41438 ,25058 ,21750 ,716 ,2146 ,4449 ,2351 ,46286 ,6305 ,296666 ,53158 ,1406 ,421 ,86108 ,62153 ,2106 ,33022 ,312469 ,0 ,57466 ,34232 ,166 ,6224 ,2845 ,2393 ,1887 ,276094 ,877 ,5579 ,995 ,87469 ,4461 ,0 ,0 ,8872 ,13682 ,157001 ,1006248 ,54679 ,27624 ,19767 ,636803 ,2045910 ,1160640 ,1703402 ,21608 ,56333 ,449519 ,32981 ,6070 ,8663 ,2240118 ,5095 ,4775 ,7258 ,17165 ,129860 ,2277 ,0 ,75174 ,0 ,220048 ,1687 ,0 ,131333 ,460 ,10175 ,148358 ,115065 ,194850 ,862449 ,3789 ,26232 ,66935 ,1640 ,0 ,5689 ,530000 ,12446 ,11384 ,0 ,142411 ,5218 ,784188 ,6889 ,0 ,1205 ,0 ,628 ,5179878 ,0 ,1283 ,171116 ,1025 ,25040 ,38733 ,0 ,4802 ,3197 ,7587 ,76828 ,19739 ,45634 ,136709 ,1107 ,70752 ,2778 ,2866 ,1928 ,0 ,1150 ,765963 ,840377 ,0 ,2651 ,2089326 ,1078 ,0 ,61436 ,630 ,26993 ,6070 ,0 ,6347 ,8774 ,0 ,2110 ,53486 ,23040 ,2282 ,0 ,18137 ,0 ,537 ,2582 ,158315 ,14104 ,0 ,42750 ,7693 ,8294 ,0 ,8771 ,4964 ,0 ,13269 ,10416 ,3628 ,0 ,0 ,80139 ,145836 ,3230 ,2871504 ,5910 ,0 ,3720 ,0 ,204523 ,15222 ,2984 ,0 ,0 ,3802 ,63824 ,3663 ,0 ,21041 ,102074 ,11281 ,155961 ,6873 ,127617 ,1404125 ,4073 ,75663 ,56782 ,706 ,4660 ,263341 ,7632 ,7641 ,12739 ,0 ,13675 ,74120 ,1621 ,148346 ,40017 ,0 ,1618 ,987 ,5672 ,3511 ,2767 ,5553 ,609748 ,0 ,4493 ,17042 ,34732 ,35467 ,44558 ,19684 ,98799 ,273880 ,68174 ,1199 ,8853 ,469666 ,1297834 ,24357 ,470493 ,0 ,12810 ,3587 ,8467 ,2178483 ,3280 ,0 ,23457 ,9257 ,154120 ,2469 ,2998 ,73615 ,45149 ,0 ,43620 ,235140 ,6104 ,31389 ,0 ,19128 ,2907 ,53392 ,9727 ,0 ,1150 ,15841 ,16842 ,5453 ,13404 ,88701 ,102268 ,3422 ,3422 ,1674 ,1195 ,47787 ,4492 ,1021948 ,1981 ,104116 ,3976 ,97575 ,2146 ,157410 ,6994 ,3669 ,510 ,193957 ,18436 ,546 ,2514 ,2514 ,3590 ,6662 ,11480 ,0 ,2836 ,69160 ,0 ,3085 ,311097 ,67150371 ,165 ,10926 ,139702 ,477434 ,8141 ,79425 ,40022 ,211122 ,74232 ,1311545 ,0 ,10492 ,2415 ,72599 ,11157 ,117 ,1500 ,0 ,1134 ,3610 ,1676 ,6970 ,0 ,17157 ,564651 ,4396 ,3839 ,55867 ,1689477 ,733141 ,4576 ,298398 ,4868 ,11807 ,193 ,0 ,55297 ,4230 ,526 ,3153 ,0 ,68466 ,600823 ,293 ,0 ,1150 ,13753 ,48775 ,10428 ,18181 ,43474 ,0 ,2408 ,46695 ,0 ,105690 ,68679 ,0 ,6859 ,16538 ,1218 ,1470129 ,478 ,114917 ,864772 ,1695220 ,0 ,20058 ,7098 ,3068 ,2805 ,0 ,11650 ,5822 ,69437 ,127095 ,371541 ,42198 ,5425 ,4804 ,39550 ,62675 ,119 ,47016 ,892643 ,9432309 ,0 ,4900 ,8854 ,1182 ,2779 ,0 ,277782 ,5734 ,234346 ,1536 ,852 ,363702 ,15767 ,1728 ,133977 ,961 ,17556111 ,26784 ,138199 ,31966 ,38799 ,2419 ,5342 ,129 ,2008 ,29859 ,102506 ,402879 ,90516 ,198485 ,2196 ,10192 ,1760 ,3625 ,39596 ,4410 ,0 ,0 ,9786 ,9786 ,41013125 ,953028 ,38482 ,6296 ,799249 ,1831135 ,278941 ,0 ,0 ,32871 ,161489 ,6478 ,91352 ,2089 ,24591 ,164374 ,2146 ,11870 ,11250 ,9569 ,436 ,1760 ,4462908 ,0 ,424245 ,14962067 ,213541 ,53903 ,12541 ,2019 ,513446 ,0 ,20189 ,2281 ,30528 ,0 ,911 ,1473 ,0 ,137022 ,7739 ,8698 ,5126 ,25605 ,432334 ,19408 ,689 ,4492 ,11793 ,7756 ,226105 ,0 ,9918 ,0 ,483128 ,995 ,2749017 ,21995 ,683 ,909578638 ,0 ,6426 ,179 ,2092 ,884081 ,3131 ,14716 ,2313 ,971731 ,15155 ,19229 ,0 ,21594 ,0 ,30371 ,2830 ,656 ,9027 ,955336 ,19591 ,132286 ,38073 ,0 ,2902 ,13251 ,21346 ,995 ,15594 ,1688 ,92972 ,3234 ,0 ,2200 ,1561515 ,10519 ,136520 ,6472 ,4197 ,492 ,1548 ,11183 ,18130 ,0 ,39130 ,27817 ,638 ,15271 ,75581 ,19048 ,637687 ,21495 ,11004 ,20285 ,722 ,863 ,55 ,1633411 ,6160 ,237514 ,8362 ,0 ,1105578 ,3551 ,1841 ,3843 ,11554 ,177964 ,81801 ,33801 ,5494 ,1135 ,11021 ,0 ,0 ,546 ,149679 ,19351 ,53665 ,29492 ,4423 ,2117 ,47193 ,55488 ,0 ,5314 ,913 ,31486 ,0 ,40964959 ,2505689 ,4205186 ,25413 ,1270698 ,3832273 ,250992 ,83191 ,0 ,289680 ,5234 ,0 ,48705 ,29961 ,292 ,0 ,1831 ,0 ,0 ,2182 ,662307 ,85338 ,9916 ,131147 ,0 ,3261 ,589989 ,0 ,74536 ,959154 ,1056 ,10480 ,186336 ,0 ,12039 ,2870 ,113849 ,2109 ,1498 ,16460 ,151729 ,26908 ,121733 ,8468 ,218310 ,1855 ,91199 ,0 ,1687 ,147482 ,1227293 ,0 ,376963 ,0 ,0 ,6594 ,537 ,268 ,9661 ,229453 ,0 ,13826909 ,30322 ,28441 ,0 ,204935 ,11148 ,13829 ,18959 ,126704 ,33873 ,10500 ,15475 ,13136 ,98406 ,5007302 ,0 ,5004 ,653587 ,162091 ,0 ,188545 ,1770 ,37778 ,1182 ,26552 ,270531 ,1883430 ,93281 ,546 ,395252 ,746965 ,4626 ,88986 ,458 ,68638 ,891298 ,23800 ,6490 ,1981 ,1687 ,105837 ,552622 ,32064 ,0 ,0 ,104379 ,289685 ,296875 ,30732 ,117777 ,558 ,352 ,184630 ,4953911 ,0 ,4023 ,6848 ,357223 ,1282 ,10875062 ,21895 ,107957 ,53480 ,31407 ,0 ,6668 ,4703 ,201126 ,9243 ,47192 ,355413 ,882 ,846 ,14979 ,2689 ,87044 ,1510 ,183740 ,81866 ,6183 ,3489640 ,4601533 ,9269 ,3367974 ,2110 ,77589 ,214 ,0 ,5339 ,0 ,0 ,0 ,753435 ,746 ,2746 ,32050 ,122652 ,0 ,606602 ,560 ,1687 ,64674 ,16480 ,458 ,45965 ,8981 ,0 ,0 ,33009 ,1797 ,1980778 ,114268 ,3493 ,1352 ,15180 ,54232 ,22991 ,3450 ,5490 ,0 ,19339 ,3077 ,2056 ,732 ,4382 ,4382 ,3005215 ,8248 ,32362 ,9209 ,859563 ,2844842059 ,0 ,2838 ,2382 ,3366 ,9060 ,232 ,9127 ,13733 ,1833584 ,92312 ,14607 ,65085 ,52 ,76697 ,16780 ,0 ,0 ,2988 ,2558 ,359221 ,74380 ,5786 ,7992 ,8457 ,23142 ,0 ,214 ,0 ,104960 ,458 ,484 ,848 ,30 ,13593 ,0 ,9703 ,34400 ,106971 ,71224 ,390294 ,0 ,10856 ,323007 ,293 ,226673 ,18541 ,4910 ,3674 ,3914 ,1687 ,102165 ,1607 ,0 ,1724117 ,293133 ,0 ,0 ,261034 ,3239 ,2853 ,0 ,3614 ,0 ,116475 ,28358 ,0 ,13129 ,389 ,3405 ,49033 ,127367 ,7451 ,1058 ,5790 ,8803 ,14720 ,2483 ,7742 ,3329 ,2571 ,414582 ,0 ,1234 ,1234 ,17991 ,924391 ,7868 ,477638 ,2691 ,17863 ,12562 ,4880 ,0 ,1981 ,0 ,0 ,57180 ,7523 ,546 ,22802 ,93294 ,118812 ,1203 
2018-12-01,8236 ,6131 ,4416 ,4776 ,2629 ,26108 ,24096 ,0 ,0 ,13642 ,4636 ,46717 ,31959 ,0 ,1089 ,0 ,9554 ,251 ,504 ,456116 ,57079 ,3941 ,44825 ,39951 ,42056 ,41565 ,56691 ,205340 ,264 ,2006 ,5242 ,17986 ,144181 ,0 ,0 ,12299 ,1995 ,417929 ,1155 ,0 ,19484 ,13253 ,4542 ,3810 ,698 ,50831 ,51765412 ,2524 ,15097 ,0 ,0 ,620577 ,21800 ,0 ,4024318 ,5658 ,24401 ,0 ,239160 ,84169579 ,4219838 ,0 ,692 ,889 ,5830 ,449004 ,264349 ,3561 ,0 ,6621 ,0 ,0 ,1836696 ,1978 ,0 ,9354 ,6706 ,1853 ,18306 ,29233 ,37768 ,0 ,35193 ,0 ,4955 ,8776 ,556524 ,30551 ,16920 ,70260 ,8061 ,5791 ,16026 ,0 ,0 ,4120 ,1471432 ,543323 ,3887 ,873 ,29797 ,0 ,0 ,897 ,24150 ,162642 ,0 ,299478 ,0 ,8035 ,315494 ,0 ,10802 ,5613 ,174879 ,20218 ,469349 ,4190990 ,118514 ,1482 ,466125 ,0 ,236578 ,25544 ,6310 ,4915 ,183399 ,436914 ,1922 ,4732 ,0 ,3566 ,16347 ,485714 ,0 ,699667 ,15580 ,0 ,39197 ,9126 ,0 ,0 ,152586 ,810 ,2914 ,5304 ,20255 ,3271715 ,35164 ,117912 ,77430 ,5876 ,0 ,9686 ,82647 ,5540 ,485180 ,0 ,0 ,590204 ,1968 ,23843 ,75880 ,9044 ,0 ,450903 ,11261 ,926332 ,0 ,6711 ,2314 ,6199 ,12115 ,2926 ,3961 ,2422 ,11123 ,12545 ,867140 ,651 ,0 ,7049799 ,134369 ,130314 ,21211 ,33530 ,10598 ,0 ,185307 ,421 ,1849 ,2276 ,2446 ,4337 ,6449 ,61385 ,235 ,8494 ,2150 ,4565 ,156240 ,3419 ,0 ,0 ,938081 ,74796 ,4905 ,13120 ,147702 ,0 ,0 ,25787 ,1906 ,60276 ,9617 ,23245 ,12930 ,1491 ,10840 ,58117 ,153382 ,374458 ,4400 ,292445 ,107175 ,6016 ,651 ,4660 ,352 ,1517 ,3573 ,841 ,561733 ,103827 ,335 ,80382 ,3908 ,1527 ,54759 ,213277 ,583803 ,325048 ,22936 ,0 ,23605 ,784712 ,68857 ,11785 ,332 ,0 ,961755 ,25261 ,5007 ,2810 ,30507 ,14340 ,160504 ,4423 ,0 ,1970 ,1816660 ,61121 ,1491 ,0 ,0 ,1155 ,6093 ,5461 ,193248 ,504 ,3867 ,0 ,38436 ,18236 ,803 ,6069 ,13288 ,142137 ,4062 ,607 ,88507 ,3997 ,19084 ,63517 ,240697 ,3469 ,25649 ,11224 ,1206810 ,0 ,1594 ,788439 ,2739 ,2049 ,0 ,30872 ,27090 ,47143 ,1566 ,3503 ,975 ,9476 ,39509 ,3311 ,267899 ,80197 ,5006 ,1367 ,70289 ,40906 ,4039 ,64797 ,476884 ,457 ,36452 ,18606 ,254 ,2489 ,5130 ,4759 ,565 ,286490 ,888 ,2835 ,0 ,176901 ,4128 ,0 ,0 ,15055 ,3766 ,157932 ,1026776 ,67729 ,51063 ,18561 ,1084493 ,2181101 ,1299201 ,1838380 ,10882 ,92499 ,721138 ,46779 ,2925 ,7847 ,2468354 ,7404 ,1860 ,11076 ,15085 ,153324 ,115 ,0 ,97563 ,4863 ,341731 ,2472 ,0 ,129931 ,407 ,12768 ,118670 ,156851 ,197930 ,794008 ,4927 ,20287 ,85736 ,2598 ,291 ,5023 ,573862 ,26921 ,7938 ,0 ,90964 ,3983 ,950642 ,3962 ,0 ,504 ,0 ,210 ,6409911 ,0 ,4983 ,295932 ,0 ,35164 ,31462 ,0 ,4881 ,5247 ,11922 ,129125 ,13351 ,36453 ,136756 ,10970 ,92701 ,2204 ,5950 ,8756 ,0 ,3043 ,696799 ,655296 ,0 ,4523 ,1983145 ,2353 ,0 ,63074 ,177 ,25277 ,6199 ,0 ,17590 ,16766 ,0 ,1995 ,52213 ,10334 ,2483 ,6709 ,22096 ,0 ,2422 ,7421 ,131031 ,10482 ,0 ,28835 ,14142 ,10483 ,0 ,19462 ,6833 ,0 ,10322 ,4550 ,1197 ,8316 ,1089 ,86033 ,114455 ,4168 ,3082078 ,5358 ,5238 ,5223 ,0 ,304519 ,28168 ,5250 ,254 ,0 ,3864 ,53143 ,9243 ,0 ,13172 ,88085 ,2693 ,217931 ,15488 ,114740 ,1434339 ,2775 ,73886 ,63742 ,932 ,7055 ,278936 ,3019 ,6602 ,4905 ,3414 ,9801 ,67458 ,179 ,74853 ,23202 ,6673 ,0 ,1369 ,1949 ,2629 ,1409 ,3433 ,791878 ,0 ,1155 ,13585 ,26941 ,24058 ,47557 ,8612 ,60415 ,300962 ,94641 ,0 ,11807 ,457785 ,1151879 ,16782 ,650991 ,2360 ,12336 ,5348 ,2447 ,2428599 ,3256 ,0 ,24362 ,7040 ,126722 ,16478 ,2689 ,79062 ,49524 ,2707 ,60182 ,215478 ,6693 ,18687 ,504 ,38946 ,12313 ,46820 ,4587 ,0 ,1823 ,16300 ,21414 ,4269 ,23490 ,51467 ,130678 ,2567 ,2567 ,1451 ,1823 ,68531 ,28021 ,1089866 ,0 ,145041 ,908 ,71395 ,0 ,133244 ,3954 ,4238 ,564 ,176943 ,17734 ,911 ,4253 ,4253 ,6971 ,1716 ,13521 ,0 ,4895 ,89657 ,0 ,4233 ,307030 ,59697154 ,3932 ,9375 ,136988 ,500857 ,5005 ,38454 ,35925 ,183826 ,133202 ,1698282 ,0 ,16563 ,12110 ,49218 ,3067 ,367 ,2335 ,304 ,1968 ,13223 ,2684 ,2912 ,16988 ,8539 ,578825 ,5796 ,3878 ,53908 ,1720816 ,768822 ,2472 ,331005 ,2198 ,14895 ,0 ,0 ,22280 ,7711 ,1477 ,1068 ,75571 ,72320 ,484160 ,476 ,0 ,2637 ,13087 ,40030 ,4092 ,13285 ,35794 ,1816 ,4453 ,30871 ,1190 ,108622 ,136519 ,0 ,11983 ,24019 ,2002 ,1683577 ,1619 ,110253 ,895645 ,1788611 ,0 ,17182 ,6806 ,810 ,20446 ,9360 ,4072 ,6750 ,41673 ,83010 ,470406 ,30568 ,8901 ,3667 ,66228 ,31325 ,97 ,43610 ,1103506 ,8757624 ,0 ,3957 ,15843 ,2167 ,0 ,0 ,287581 ,3463 ,197373 ,799 ,536 ,355933 ,18892 ,1835 ,135199 ,4477 ,15179057 ,23102 ,154071 ,5257 ,17821 ,2433 ,9867 ,2426 ,5209 ,53398 ,112479 ,406707 ,91457 ,197344 ,6652 ,13724 ,1382 ,21201 ,12204 ,2592 ,1322 ,0 ,10358 ,10358 ,42515637 ,1155209 ,9684 ,9162 ,776532 ,2298941 ,344520 ,0 ,0 ,41947 ,152084 ,7714 ,66034 ,4452 ,26355 ,123640 ,1491 ,11676 ,18487 ,68658 ,126 ,1642 ,4782329 ,2441 ,542500 ,16133203 ,170220 ,48246 ,14250 ,658 ,528779 ,1319 ,25494 ,1654 ,20518 ,0 ,119 ,752 ,0 ,119374 ,19840 ,11885 ,3011 ,26880 ,830860 ,30193 ,1127 ,3562 ,4633 ,173 ,178011 ,0 ,8880 ,0 ,346997 ,1551 ,2669990 ,14928 ,67 ,907024448 ,0 ,5707 ,676 ,3298 ,916776 ,3469 ,7612 ,950 ,1054597 ,14880 ,21962 ,408 ,28088 ,0 ,11802 ,1467 ,1330 ,17708 ,885814 ,48678 ,129371 ,60939 ,504 ,17954 ,20902 ,13440 ,651 ,8754 ,507 ,78798 ,2181 ,0 ,4644 ,1746514 ,8872 ,108557 ,4265 ,1835 ,658 ,898 ,13676 ,17116 ,0 ,38145 ,24259 ,1203 ,21450 ,66346 ,68660 ,653426 ,25663 ,13013 ,19006 ,3133 ,1847 ,96 ,1504196 ,8561 ,166593 ,10332 ,0 ,1290925 ,6392 ,8968 ,2468 ,24807 ,176316 ,71340 ,46166 ,4152 ,514 ,9574 ,0 ,0 ,806 ,55297 ,18972 ,16038 ,20455 ,2477 ,10553 ,39088 ,107158 ,8106 ,6861 ,1143 ,62865 ,0 ,42091850 ,2928606 ,5452071 ,11294 ,1346662 ,3901006 ,253307 ,80401 ,0 ,297956 ,5523 ,0 ,45794 ,103564 ,1433 ,0 ,2663 ,5461 ,0 ,7368 ,812666 ,145720 ,12014 ,127394 ,933 ,749 ,752685 ,0 ,40713 ,1206021 ,1751 ,8391 ,185513 ,0 ,11635 ,2824 ,128431 ,387 ,1159 ,24536 ,124451 ,28411 ,107444 ,3607 ,172323 ,1800 ,61524 ,0 ,0 ,141398 ,1555927 ,0 ,408022 ,0 ,0 ,24266 ,52 ,651 ,11491 ,198712 ,0 ,15551951 ,30309 ,34910 ,0 ,207450 ,16477 ,13427 ,12476 ,118182 ,34353 ,8516 ,11299 ,11813 ,78925 ,2794852 ,0 ,5475 ,593639 ,188233 ,222477 ,277893 ,2445 ,11991 ,2718 ,78996 ,260641 ,1828795 ,45581 ,611 ,391957 ,821565 ,6167 ,95156 ,2545 ,109724 ,845696 ,27470 ,1410 ,3810 ,4038 ,126459 ,503648 ,20966 ,0 ,0 ,127719 ,302215 ,79540 ,33649 ,173167 ,2117 ,291 ,162944 ,5953453 ,0 ,2317 ,3930 ,355300 ,4284 ,7900646 ,32394 ,123596 ,54468 ,39057 ,0 ,4011 ,11273 ,237130 ,6876 ,41012 ,595828 ,10643 ,13797 ,5139 ,5113 ,79216 ,1189 ,55850 ,79732 ,5433 ,3818266 ,4241572 ,8559 ,3678240 ,4605 ,205739 ,138 ,0 ,3946 ,0 ,0 ,0 ,837565 ,8974 ,2734 ,31791 ,143617 ,0 ,902114 ,203 ,0 ,60508 ,24167 ,1968 ,53729 ,9484 ,0 ,501 ,29080 ,2369 ,2233367 ,85282 ,1525 ,1750 ,10845 ,63750 ,25983 ,2573 ,5631 ,0 ,24805 ,2926 ,2745 ,4504 ,4406 ,4406 ,2984742 ,8652 ,35506 ,3379 ,444832 ,2749659175 ,570 ,651 ,3284 ,6212 ,16099 ,257 ,11658 ,3309 ,1705496 ,83658 ,27425 ,65773 ,557 ,67671 ,14620 ,0 ,0 ,3422 ,4901 ,420110 ,113620 ,11645 ,23170 ,19628 ,28954 ,0 ,0 ,0 ,117565 ,1997 ,574 ,227 ,3562 ,38296 ,0 ,14401 ,22351 ,82304 ,76985 ,394275 ,0 ,9393 ,302174 ,2842 ,234437 ,9000 ,14000 ,4662 ,11249 ,2068 ,86362 ,0 ,0 ,3629890 ,237596 ,0 ,0 ,279340 ,3576 ,1312 ,0 ,1995 ,0 ,96477 ,25614 ,0 ,21644 ,2699 ,3509 ,57417 ,163551 ,4704 ,2551 ,5861 ,877 ,21981 ,2184 ,4709 ,3794 ,17215 ,469278 ,0 ,1633 ,1633 ,16126 ,779834 ,3946 ,558130 ,6276 ,20510 ,6724 ,7365 ,0 ,504 ,0 ,27952 ,52662 ,10603 ,18825 ,12012 ,108741 ,143813 ,1170 
2019-01-01,7631 ,4912 ,2773 ,4160 ,1595 ,26408 ,28409 ,0 ,0 ,19438 ,3707 ,46395 ,38745 ,0 ,660 ,107 ,5106 ,0 ,29645 ,463795 ,56230 ,5461 ,75963 ,48447 ,34634 ,100850 ,49660 ,259152 ,351 ,2207 ,1835 ,17342 ,143246 ,0 ,0 ,15654 ,6108 ,417837 ,1728 ,0 ,3313 ,10657 ,3956 ,6687 ,1809 ,44709 ,48475980 ,8210 ,39251 ,0 ,0 ,1027251 ,6740 ,0 ,4203711 ,6148 ,26851 ,0 ,141070 ,88291389 ,2229493 ,0 ,1159 ,96 ,11761 ,455468 ,107741 ,5833 ,11854 ,2061 ,0 ,0 ,3069784 ,11514 ,0 ,7377 ,10263 ,2905 ,32147 ,12437 ,43381 ,0 ,60832 ,590 ,6056 ,14526 ,524871 ,43331 ,15900 ,45379 ,38189 ,2978 ,34046 ,0 ,0 ,7020 ,1820299 ,604125 ,5395 ,646 ,25589 ,0 ,0 ,3058 ,64633 ,201578 ,0 ,239629 ,0 ,13348 ,362425 ,0 ,17024 ,8300 ,140711 ,15196 ,377550 ,4306566 ,157077 ,3877 ,489244 ,2492 ,313192 ,19370 ,8614 ,7888 ,246268 ,499918 ,7479 ,3316 ,1126 ,11542 ,33065 ,506338 ,0 ,870108 ,23920 ,0 ,58413 ,1697 ,0 ,0 ,163702 ,1086 ,1551 ,7045 ,13567 ,3608438 ,47937 ,131557 ,28648 ,6697 ,1888 ,16861 ,136583 ,2516 ,464159 ,0 ,0 ,586043 ,1390 ,32891 ,77095 ,5298 ,0 ,465716 ,4619 ,1206574 ,0 ,9379 ,2427 ,9379 ,10288 ,52 ,2278 ,2686 ,15562 ,20233 ,837482 ,2740 ,0 ,7893157 ,139887 ,105895 ,23105 ,53012 ,21102 ,0 ,227569 ,1825 ,839 ,3705 ,1633 ,1793 ,6091 ,63025 ,52 ,22922 ,37 ,1727 ,279321 ,8476 ,0 ,0 ,1113790 ,91197 ,3178 ,13342 ,126266 ,2744 ,0 ,6011 ,512 ,90349 ,28428 ,26655 ,19726 ,1728 ,16399 ,76627 ,138333 ,446918 ,9352 ,467732 ,167618 ,6464 ,2217 ,5696 ,0 ,3006 ,4512 ,711 ,527308 ,165308 ,323 ,103482 ,5566 ,1082 ,83023 ,235037 ,974011 ,345252 ,37415 ,12349 ,20757 ,862927 ,44648 ,5709 ,1001 ,0 ,1220866 ,43988 ,3049 ,1390 ,34183 ,9278 ,204652 ,5862 ,0 ,3178 ,2053162 ,67544 ,158 ,0 ,0 ,235 ,7392 ,2342 ,171411 ,1390 ,5955 ,0 ,42604 ,26196 ,1667 ,8075 ,6574 ,145734 ,4290 ,0 ,93662 ,1921 ,7903 ,81863 ,212583 ,1728 ,34088 ,15467 ,1241713 ,0 ,1498 ,833650 ,13643 ,0 ,2588 ,41855 ,21416 ,58615 ,10461 ,2240 ,3029 ,6544 ,32077 ,9435 ,240654 ,86351 ,4337 ,1327 ,91643 ,46327 ,1603 ,49744 ,532703 ,454 ,33659 ,15398 ,9850 ,2027 ,8653 ,6294 ,733 ,263202 ,3408 ,3248 ,0 ,219509 ,2313 ,390 ,0 ,19989 ,6923 ,202703 ,1125715 ,52633 ,78695 ,22966 ,1573802 ,2493301 ,1237870 ,1779043 ,11959 ,90552 ,881456 ,37332 ,3235 ,20291 ,2723990 ,12446 ,2706 ,15638 ,25682 ,162403 ,1169 ,0 ,145159 ,241 ,311478 ,4744 ,0 ,138084 ,823 ,11238 ,142908 ,181460 ,290593 ,1068895 ,6000 ,26634 ,121314 ,2671 ,277 ,1304 ,637842 ,21071 ,10629 ,590 ,105382 ,12535 ,1123228 ,5605 ,0 ,1959 ,928 ,562 ,6786473 ,0 ,1743 ,234326 ,0 ,24505 ,34548 ,235 ,4462 ,8048 ,17134 ,95235 ,12979 ,113167 ,128182 ,5969 ,85293 ,724 ,19204 ,17798 ,0 ,2716 ,641860 ,670142 ,0 ,1984 ,2410611 ,3699 ,0 ,63318 ,125 ,23232 ,4912 ,0 ,33563 ,13951 ,0 ,2495 ,50744 ,6105 ,999 ,8669 ,32595 ,1312 ,928 ,5330 ,156976 ,11177 ,0 ,25330 ,22739 ,8218 ,3223 ,16777 ,4513 ,0 ,25770 ,2244 ,3002 ,7916 ,3249 ,66927 ,128219 ,6624 ,3205216 ,3251 ,1173 ,8837 ,0 ,219478 ,24548 ,1851 ,203 ,0 ,2291 ,55470 ,5806 ,0 ,15743 ,109907 ,7772 ,195640 ,17918 ,89011 ,1396807 ,2916 ,87386 ,84195 ,1711 ,10105 ,449387 ,6689 ,5249 ,1845 ,126 ,10434 ,80888 ,0 ,71541 ,33075 ,5766 ,0 ,1042 ,2516 ,7247 ,1591 ,3815 ,891093 ,0 ,4741 ,19402 ,31243 ,31004 ,30015 ,12958 ,45755 ,349418 ,100775 ,0 ,6243 ,488606 ,1435410 ,1698 ,654271 ,6998 ,20408 ,2736 ,2692 ,2668259 ,9919 ,813 ,23258 ,10254 ,155144 ,9282 ,301 ,90876 ,43511 ,2552 ,12655 ,293686 ,5200 ,33142 ,0 ,31605 ,1798 ,62791 ,6469 ,5953 ,1971 ,16974 ,490332 ,2942 ,34658 ,108009 ,156271 ,1485 ,1485 ,1760 ,3127 ,62121 ,7207 ,1152140 ,0 ,169407 ,2294 ,91032 ,0 ,144940 ,1671 ,1251 ,3665 ,191440 ,27551 ,1418 ,1831 ,1831 ,4744 ,1127 ,17747 ,7089 ,6908 ,126040 ,0 ,3791 ,370695 ,56332561 ,3685 ,11313 ,95388 ,598747 ,3139 ,30759 ,39718 ,183641 ,214950 ,1847070 ,0 ,12772 ,6019 ,54527 ,2120 ,1643 ,1360 ,767 ,2348 ,10622 ,2683 ,2014 ,0 ,11206 ,614615 ,7071 ,2966 ,80246 ,2088511 ,903984 ,4744 ,364493 ,4215 ,22673 ,0 ,0 ,26649 ,13765 ,813 ,2461 ,88623 ,77413 ,471582 ,1007 ,7797 ,4502 ,22158 ,40122 ,11690 ,15495 ,42817 ,76 ,1964 ,34060 ,107 ,109050 ,282931 ,0 ,13835 ,19621 ,302 ,1662027 ,618 ,115171 ,921320 ,1549500 ,0 ,59999 ,9741 ,1086 ,46201 ,2686 ,5997 ,17756 ,67148 ,44825 ,440149 ,31719 ,2546 ,9386 ,55693 ,101096 ,0 ,42722 ,1081929 ,8807413 ,0 ,4996 ,41923 ,3520 ,0 ,0 ,259376 ,8068 ,177384 ,1431 ,331 ,485255 ,29184 ,1642 ,148644 ,4304 ,16069710 ,12211 ,155550 ,7032 ,11176 ,2094 ,20457 ,105 ,2477 ,23826 ,140280 ,564918 ,108442 ,227556 ,15710 ,10520 ,195 ,18309 ,3235 ,4187 ,763 ,0 ,9928 ,9928 ,46089655 ,1261275 ,10361 ,14297 ,1019503 ,2543432 ,357057 ,203 ,9799 ,31021 ,174128 ,10874 ,89269 ,258 ,37494 ,153859 ,2348 ,20312 ,14664 ,67452 ,2453 ,2887 ,5424744 ,788 ,403806 ,15464084 ,199686 ,44053 ,16212 ,235 ,270532 ,560 ,21502 ,3158 ,12455 ,0 ,1845 ,1264 ,0 ,171742 ,18544 ,10760 ,804 ,37219 ,1235944 ,14057 ,1814 ,6861 ,9784 ,1126 ,277120 ,0 ,13332 ,0 ,375265 ,338 ,2880057 ,9078 ,383 ,964538367 ,0 ,6276 ,116 ,2983 ,1075254 ,4606 ,5416 ,2514 ,1234140 ,23704 ,2849 ,443 ,37375 ,0 ,11832 ,7105 ,3711 ,14497 ,1047696 ,64905 ,158452 ,52547 ,590 ,9298 ,28249 ,6767 ,3956 ,8417 ,3412 ,125330 ,2582 ,0 ,7949 ,1953639 ,5429 ,108150 ,6164 ,419 ,579 ,2535 ,8821 ,19894 ,624 ,30629 ,36322 ,2449 ,23488 ,64933 ,69811 ,826972 ,27942 ,9275 ,15001 ,4226 ,8801 ,0 ,2256349 ,17915 ,219786 ,12695 ,0 ,1707476 ,4982 ,10125 ,4840 ,21917 ,263583 ,70791 ,79755 ,4448 ,2041 ,11846 ,0 ,0 ,897 ,33886 ,17588 ,21772 ,31693 ,1314 ,6517 ,52700 ,113791 ,6799 ,4692 ,750 ,29546 ,0 ,42447385 ,2836827 ,6402493 ,21965 ,1334598 ,4056210 ,247000 ,94466 ,0 ,450926 ,6317 ,0 ,75302 ,187373 ,6482 ,0 ,0 ,1553 ,0 ,4544 ,1248159 ,141398 ,18946 ,154453 ,541 ,4667 ,910136 ,0 ,47386 ,1548601 ,1429 ,15961 ,206088 ,0 ,12815 ,2180 ,127068 ,614 ,2006 ,47817 ,141391 ,32716 ,104097 ,5054 ,175779 ,970 ,62931 ,0 ,0 ,142891 ,1641769 ,0 ,540259 ,4028 ,0 ,21563 ,1390 ,0 ,8531 ,260605 ,0 ,16719956 ,36119 ,39856 ,0 ,244570 ,36335 ,22143 ,19662 ,143517 ,46631 ,7508 ,13684 ,64991 ,54185 ,2991924 ,0 ,6516 ,482385 ,180410 ,255062 ,219847 ,1195 ,12970 ,1880 ,101958 ,275025 ,1460256 ,53733 ,1464 ,480239 ,810101 ,7350 ,92315 ,5478 ,212990 ,924192 ,28187 ,89 ,3038 ,928 ,136624 ,505731 ,68963 ,3900 ,0 ,166137 ,383665 ,195123 ,29611 ,207148 ,393 ,235 ,183205 ,6438809 ,0 ,2926 ,4582 ,378525 ,2848 ,7341136 ,30447 ,165020 ,89278 ,91988 ,0 ,2892 ,6273 ,214015 ,6116 ,40338 ,551154 ,13021 ,10059 ,7899 ,7023 ,87601 ,1128 ,52884 ,77185 ,4818 ,3854502 ,4354888 ,15662 ,3630530 ,1788 ,168371 ,583 ,0 ,19149 ,0 ,0 ,0 ,1121094 ,4542 ,7678 ,35345 ,181961 ,805 ,1092405 ,669 ,0 ,46222 ,24375 ,1845 ,41386 ,10919 ,0 ,6954 ,38987 ,1716 ,2402533 ,99600 ,10211 ,4904 ,13959 ,138282 ,31266 ,5660 ,11299 ,0 ,29591 ,6211 ,2871 ,2761 ,7357 ,7357 ,2982699 ,18999 ,39507 ,2348 ,479784 ,2773441235 ,2092 ,2588 ,6712 ,723 ,27402 ,930 ,11796 ,2747 ,1997130 ,108259 ,26585 ,69011 ,905 ,81817 ,3228 ,0 ,0 ,3250 ,2881 ,469097 ,116392 ,9687 ,11763 ,18910 ,38582 ,0 ,0 ,0 ,159558 ,774 ,443 ,67 ,0 ,54320 ,0 ,5764 ,34914 ,82713 ,100109 ,339938 ,0 ,5037 ,327816 ,3820 ,343875 ,16911 ,5797 ,7156 ,7937 ,2284 ,84081 ,0 ,46054 ,6332071 ,226309 ,0 ,0 ,267869 ,8386 ,537 ,0 ,3005 ,0 ,111482 ,34011 ,4033 ,31378 ,15228 ,4107 ,59605 ,190635 ,3291 ,3328 ,9018 ,695 ,16494 ,2947 ,3551 ,1841 ,25989 ,521186 ,0 ,2123 ,2123 ,15916 ,747431 ,4097 ,730635 ,27386 ,14039 ,4347 ,8352 ,0 ,1879 ,928 ,147175 ,53650 ,7722 ,7823 ,7333 ,182882 ,180413 ,3724 
2019-02-01,15597 ,6979 ,1152 ,1111 ,1021 ,25601 ,18409 ,0 ,856 ,14641 ,1911 ,15956 ,73512 ,9223 ,24764 ,0 ,2575 ,0 ,7627 ,468252 ,58953 ,15368 ,96619 ,46072 ,38299 ,92052 ,49589 ,238052 ,430 ,2778 ,8892 ,15968 ,217599 ,0 ,0 ,18390 ,5634 ,441713 ,3016 ,0 ,3550 ,8953 ,2095 ,10285 ,1946 ,54635 ,45979169 ,49783 ,29695 ,0 ,5964 ,929799 ,7813 ,1786 ,4223137 ,3979 ,12606 ,0 ,97027 ,90687161 ,1774017 ,0 ,6973 ,1321 ,3817 ,404554 ,79350 ,2677 ,5291 ,4329 ,0 ,0 ,2609541 ,11399 ,282 ,2910 ,5089 ,4027 ,35030 ,14795 ,22996 ,0 ,66151 ,6569 ,1261 ,15603 ,499529 ,43526 ,14589 ,14363 ,22585 ,1605 ,14516 ,0 ,0 ,5463 ,1911241 ,583882 ,1834 ,716 ,23957 ,0 ,0 ,1313 ,190504 ,132907 ,169 ,229317 ,0 ,7024 ,350385 ,7308 ,11565 ,11359 ,124874 ,16002 ,412084 ,4451559 ,166527 ,4436 ,482628 ,2600 ,188249 ,28222 ,4041 ,11479 ,217866 ,421488 ,1290 ,6640 ,1145 ,10610 ,31137 ,612167 ,1597 ,883380 ,13289 ,0 ,59749 ,695 ,0 ,0 ,185194 ,866 ,1157 ,5509 ,10695 ,5103479 ,49370 ,167361 ,44079 ,895 ,1044 ,29383 ,113195 ,1237 ,425041 ,0 ,174 ,503139 ,433 ,17571 ,94605 ,4964 ,5383 ,682864 ,21257 ,1176642 ,1514 ,6414 ,1515 ,4106 ,5521 ,104 ,3545 ,0 ,17616 ,31818 ,848518 ,7152 ,0 ,7124213 ,92834 ,181735 ,21506 ,41085 ,20715 ,0 ,248151 ,869 ,3577 ,4366 ,4148 ,1878 ,6048 ,56136 ,0 ,30145 ,0 ,260 ,307632 ,3019 ,0 ,822 ,1082744 ,98179 ,2444 ,16954 ,38114 ,4889 ,0 ,10630 ,4191 ,83193 ,25178 ,28718 ,14970 ,1145 ,24543 ,78943 ,161930 ,410157 ,7394 ,467393 ,225837 ,1578 ,1578 ,3511 ,0 ,2570 ,15773 ,412 ,588491 ,174986 ,1095 ,82243 ,9568 ,5228 ,65537 ,241609 ,547361 ,345435 ,31522 ,15134 ,19388 ,902882 ,40961 ,9613 ,2636 ,0 ,1257676 ,38884 ,1187 ,2209 ,40790 ,7625 ,230786 ,59676 ,0 ,1145 ,2389030 ,83504 ,187 ,0 ,433 ,429 ,7274 ,965 ,112340 ,423 ,3660 ,0 ,50461 ,20167 ,698 ,6577 ,7382 ,128193 ,5930 ,0 ,61893 ,2836 ,11410 ,75307 ,215758 ,433 ,32191 ,14250 ,1410894 ,0 ,595 ,903573 ,288 ,0 ,1008 ,97797 ,26262 ,58238 ,3269 ,4430 ,759 ,15187 ,30663 ,11545 ,223016 ,134115 ,4985 ,7495 ,97384 ,46325 ,1397 ,37215 ,568452 ,1589 ,21214 ,20278 ,9076 ,3859 ,3478 ,5596 ,1742 ,275988 ,1902 ,1959 ,992 ,216947 ,857 ,233 ,0 ,17455 ,5294 ,185215 ,1224727 ,53970 ,129604 ,21211 ,1783842 ,2488754 ,1036958 ,2302343 ,16028 ,131310 ,934754 ,27184 ,2423 ,3674 ,2950911 ,8552 ,6977 ,8164 ,36524 ,133831 ,1239 ,1148 ,85123 ,2588 ,364864 ,13017 ,0 ,115243 ,664 ,10706 ,132114 ,219543 ,303378 ,994756 ,3874 ,46167 ,67336 ,1292 ,171 ,872 ,745278 ,10393 ,3836 ,1786 ,194530 ,8313 ,1388331 ,3578 ,0 ,6583 ,1964 ,431 ,7268389 ,5188 ,1758 ,228315 ,1144 ,25004 ,28947 ,1148 ,1959 ,5882 ,5470 ,99407 ,16004 ,152602 ,114787 ,7194 ,57750 ,855 ,25315 ,7707 ,0 ,3679 ,495931 ,691887 ,423 ,3096 ,2372405 ,1250 ,0 ,70304 ,0 ,29486 ,5600 ,23307 ,13604 ,16599 ,433 ,5884 ,62444 ,3947 ,547 ,423 ,36989 ,3951 ,15867 ,3613 ,176907 ,16802 ,0 ,24517 ,9339 ,7319 ,1846 ,19779 ,3671 ,0 ,20753 ,2568 ,1302 ,15076 ,2107 ,61558 ,110192 ,6565 ,3166781 ,1881 ,1578 ,2640 ,0 ,179548 ,26033 ,2867 ,174 ,0 ,2411 ,53901 ,5175 ,0 ,28242 ,84489 ,1400 ,193090 ,23109 ,103409 ,1389377 ,4191 ,69540 ,80832 ,684 ,7506 ,448010 ,5735 ,8811 ,1779 ,969 ,11550 ,102742 ,0 ,73883 ,30141 ,4457 ,0 ,205 ,2423 ,3715 ,828 ,2684 ,934524 ,0 ,3519 ,11816 ,39473 ,28543 ,32041 ,18269 ,43507 ,328784 ,109958 ,608 ,4947 ,500117 ,1406079 ,4460 ,709758 ,1705 ,31200 ,3892 ,2825 ,2611045 ,10248 ,0 ,30437 ,5139 ,178810 ,13538 ,1580 ,93035 ,52224 ,1406 ,25283 ,207663 ,433 ,12670 ,0 ,24689 ,8848 ,71275 ,10011 ,1839 ,6743 ,14740 ,656173 ,1112 ,20724 ,150605 ,143949 ,809 ,809 ,783 ,1954 ,84456 ,12218 ,993715 ,0 ,164471 ,571 ,69226 ,1071 ,162197 ,3491 ,2040 ,1394 ,184886 ,12543 ,413 ,3754 ,3754 ,5033 ,3158 ,6799 ,2212 ,6043 ,68162 ,0 ,2182 ,400119 ,48051776 ,4255 ,15210 ,68987 ,471234 ,3159 ,30912 ,40616 ,220512 ,136578 ,1819922 ,0 ,1976 ,5627 ,34735 ,1526 ,1543 ,1150 ,1407 ,3249 ,11762 ,1611 ,13497 ,0 ,9196 ,640795 ,7365 ,2656 ,65112 ,2205696 ,896590 ,2466 ,341926 ,2507 ,17037 ,0 ,0 ,26859 ,7386 ,524 ,870 ,141187 ,81894 ,476127 ,287 ,7267 ,433 ,21721 ,44082 ,9895 ,17515 ,38498 ,605 ,1496 ,39904 ,109 ,89641 ,172926 ,638 ,13069 ,28129 ,1923 ,1486521 ,859 ,130927 ,846577 ,1640774 ,443 ,42829 ,5458 ,866 ,65345 ,3556 ,12311 ,7869 ,132580 ,31998 ,432205 ,39005 ,4962 ,5137 ,78299 ,119243 ,0 ,45822 ,978378 ,24019052 ,4664 ,2624 ,43034 ,1514 ,0 ,0 ,243389 ,4717 ,206275 ,4414 ,2540 ,321260 ,28554 ,1922 ,164260 ,7186 ,16128582 ,11823 ,163508 ,7939 ,31237 ,1282 ,58366 ,1076 ,4668 ,26861 ,122703 ,575269 ,51827 ,214154 ,11630 ,10150 ,2981 ,33067 ,14465 ,4006 ,12612 ,511 ,9002 ,9002 ,43126217 ,1349979 ,5230 ,10533 ,903678 ,2036044 ,371121 ,1091 ,4665 ,22935 ,177740 ,7865 ,115261 ,787 ,24539 ,161205 ,1786 ,19122 ,12259 ,40172 ,1698 ,1091 ,4988117 ,3354 ,406183 ,12959809 ,229873 ,51458 ,15785 ,1996 ,267921 ,10505 ,13511 ,2012 ,5975 ,0 ,716 ,1821 ,0 ,179378 ,16110 ,4109 ,4501 ,26316 ,1472303 ,12080 ,1372 ,6508 ,3881 ,3565 ,199368 ,0 ,15111 ,49996 ,426428 ,3016 ,2675806 ,5903 ,547 ,902554074 ,0 ,4390 ,278 ,11216 ,1311352 ,2417 ,11671 ,1407 ,1301072 ,22309 ,2400 ,1008 ,25291 ,0 ,14806 ,3407 ,4212 ,17886 ,1066850 ,19951 ,124849 ,70157 ,423 ,1550 ,32127 ,3849 ,1894 ,927 ,3472 ,93530 ,3575 ,0 ,3192 ,1744159 ,6980 ,139498 ,9435 ,1204 ,1343 ,3122 ,34042 ,36097 ,616 ,43038 ,32065 ,1543 ,27573 ,81347 ,58926 ,806387 ,36010 ,8009 ,8678 ,1374 ,8532 ,0 ,2351734 ,7802 ,236958 ,2395 ,559 ,1853167 ,9397 ,18748 ,3999 ,32383 ,228358 ,56902 ,73656 ,13998 ,3301 ,11365 ,0 ,0 ,1372 ,31894 ,24226 ,44342 ,26086 ,3030 ,6938 ,48431 ,131410 ,17058 ,3291 ,1275 ,32284 ,0 ,42882119 ,3194451 ,6892626 ,31258 ,1491827 ,3903830 ,263103 ,63289 ,0 ,383632 ,6512 ,6216 ,67557 ,207426 ,8375 ,0 ,0 ,3831 ,0 ,6310 ,1138911 ,146328 ,21578 ,128093 ,1524 ,1348 ,1072432 ,0 ,42793 ,1736247 ,2565 ,22561 ,187498 ,0 ,14160 ,1498 ,116786 ,411 ,1566 ,40400 ,132075 ,33302 ,83565 ,5719 ,164889 ,3330 ,66404 ,437 ,0 ,110645 ,1473298 ,0 ,495010 ,1998 ,5143 ,12064 ,834 ,0 ,1786 ,230044 ,0 ,17113793 ,41050 ,59239 ,423 ,172293 ,13093 ,32354 ,13836 ,143264 ,43688 ,17391 ,17159 ,21449 ,49623 ,3126042 ,0 ,4993 ,534939 ,217583 ,316840 ,185065 ,1581 ,7684 ,1743 ,134511 ,197774 ,1378536 ,62033 ,2425 ,516395 ,894690 ,3057 ,90067 ,7449 ,172723 ,918228 ,4380 ,7281 ,856 ,1660 ,139470 ,505342 ,102856 ,2431 ,50697 ,137991 ,314349 ,212899 ,33625 ,256066 ,939 ,1510 ,148242 ,6894522 ,0 ,5190 ,7764 ,363948 ,3723 ,5886452 ,24477 ,224807 ,89667 ,83676 ,0 ,5743 ,7099 ,194547 ,11731 ,41877 ,566825 ,1998 ,13872 ,4585 ,4831 ,93255 ,619 ,59573 ,76563 ,3674 ,4368294 ,3829624 ,12591 ,3657852 ,3547 ,155509 ,594 ,0 ,15990 ,0 ,0 ,0 ,1150840 ,8020 ,2214 ,76507 ,125751 ,993 ,875727 ,176 ,1824 ,95498 ,26937 ,2750 ,41956 ,7224 ,0 ,24308 ,26261 ,4952 ,2372007 ,146316 ,13298 ,3834 ,27399 ,147116 ,19236 ,4993 ,13205 ,0 ,32012 ,6362 ,2033 ,2980 ,24937 ,24937 ,3103361 ,13817 ,32433 ,3177 ,515430 ,2653060064 ,2614 ,804 ,2067 ,3767 ,21505 ,534 ,10870 ,862 ,2050197 ,130220 ,39245 ,81592 ,2018 ,74990 ,2880 ,0 ,1255 ,2502 ,4214 ,506866 ,144768 ,6037 ,5371 ,16693 ,20507 ,0 ,1660 ,0 ,140842 ,4607 ,318 ,0 ,0 ,59688 ,0 ,6791 ,124273 ,53898 ,73773 ,371787 ,0 ,10535 ,388480 ,5386 ,376303 ,20044 ,1388 ,7742 ,8605 ,1578 ,84650 ,0 ,15985 ,3023707 ,278577 ,0 ,0 ,262052 ,11257 ,5152 ,0 ,4209 ,0 ,132594 ,33357 ,3585 ,19409 ,1647 ,5862 ,57513 ,190157 ,3860 ,4058 ,6187 ,19816 ,19494 ,2750 ,7903 ,3466 ,22293 ,491530 ,0 ,1202 ,1202 ,17691 ,936675 ,4863 ,762287 ,41292 ,16305 ,14835 ,14404 ,1786 ,1660 ,0 ,278001 ,64127 ,9269 ,7196 ,9003 ,356110 ,148772 ,5354 
2019-03-01,13334 ,90 ,2776 ,2155 ,1228 ,69306 ,20660 ,0 ,4258 ,9994 ,4284 ,13283 ,67262 ,687 ,34148 ,0 ,5105 ,995 ,10221 ,631736 ,59821 ,32949 ,42148 ,51399 ,45163 ,118233 ,71439 ,258689 ,627 ,3143 ,6818 ,26925 ,298048 ,2005 ,0 ,42560 ,4092 ,463626 ,2335 ,0 ,8679 ,30387 ,4804 ,10911 ,1799 ,70502 ,47983868 ,4333 ,37317 ,0 ,537 ,821185 ,11908 ,2698 ,4409094 ,10266 ,15188 ,0 ,93347 ,106676308 ,1426411 ,0 ,5653 ,0 ,8401 ,421596 ,70940 ,12986 ,8940 ,3738 ,0 ,0 ,2868933 ,12291 ,1168 ,7716 ,5360 ,14987 ,35601 ,17102 ,29829 ,0 ,70869 ,13600 ,2896 ,2098 ,637045 ,55916 ,18555 ,24930 ,15286 ,2357 ,10973 ,0 ,1603 ,8112 ,2186439 ,625531 ,3218 ,286 ,37940 ,0 ,0 ,1955 ,573123 ,130246 ,1391 ,384110 ,0 ,3608 ,389702 ,18423 ,17319 ,13627 ,150937 ,7038 ,368075 ,5479134 ,102834 ,3411 ,470698 ,4017 ,194726 ,44220 ,7924 ,9484 ,218226 ,448995 ,3959 ,3172 ,0 ,7734 ,22905 ,616163 ,9431 ,967392 ,10136 ,0 ,80657 ,1855 ,0 ,0 ,169552 ,614 ,1871 ,9105 ,14514 ,5229652 ,56370 ,135980 ,51068 ,151 ,3108 ,41483 ,93767 ,0 ,469635 ,0 ,0 ,640146 ,1645 ,19495 ,90752 ,7220 ,0 ,650880 ,95589 ,1097674 ,5621 ,7873 ,2314 ,1451 ,5832 ,87 ,1991 ,0 ,20358 ,52208 ,814995 ,3990 ,1052 ,8431441 ,92420 ,205786 ,27106 ,31761 ,28833 ,0 ,322479 ,465 ,1403 ,8252 ,6316 ,2948 ,12855 ,70091 ,0 ,34597 ,0 ,1512 ,286743 ,7755 ,0 ,1301 ,1150863 ,112729 ,4407 ,25148 ,42773 ,2503 ,0 ,12350 ,2388 ,74135 ,17189 ,24913 ,30689 ,531 ,29779 ,75782 ,155995 ,436436 ,2762 ,388007 ,292035 ,4917 ,2304 ,5763 ,2531 ,9460 ,17064 ,2246 ,591174 ,100192 ,3005 ,90241 ,11707 ,18324 ,64583 ,257059 ,602175 ,345047 ,28819 ,13474 ,27990 ,989863 ,44105 ,158618 ,2142 ,0 ,1317549 ,56160 ,5623 ,6280 ,29901 ,11631 ,247156 ,42216 ,994 ,3687 ,2698967 ,100546 ,2057 ,0 ,1451 ,201 ,2394 ,2005 ,122717 ,989 ,9812 ,0 ,51905 ,29271 ,1696 ,11138 ,12421 ,180699 ,4722 ,4572 ,78464 ,3795 ,24395 ,75642 ,201406 ,2918 ,31689 ,11373 ,1647382 ,0 ,1561 ,971705 ,989 ,8037 ,1813 ,129869 ,49935 ,55607 ,11194 ,4934 ,1458 ,32664 ,41028 ,8742 ,278442 ,91859 ,6537 ,910 ,115701 ,56593 ,7371 ,31999 ,549645 ,0 ,33220 ,27104 ,4821 ,2471 ,4681 ,9216 ,209 ,284101 ,6800 ,3124 ,2048 ,209098 ,978 ,426 ,0 ,33168 ,5225 ,176136 ,1388111 ,59635 ,108415 ,20368 ,1998428 ,2116087 ,1161948 ,2915668 ,8430 ,92698 ,946978 ,37390 ,3687 ,9067 ,3214997 ,16235 ,2752 ,6250 ,17206 ,180532 ,2709 ,4380 ,74427 ,1820 ,376657 ,12254 ,2287 ,115444 ,1657 ,12701 ,205763 ,326663 ,359864 ,1090338 ,9560 ,45792 ,41680 ,1961 ,766 ,6642 ,789777 ,6651 ,6464 ,3928 ,186867 ,5853 ,1475432 ,3072 ,0 ,4455 ,1315 ,1180 ,8027393 ,15064 ,2546 ,342219 ,2948 ,56370 ,41557 ,1212 ,2896 ,7328 ,13057 ,119791 ,17974 ,280545 ,114683 ,15874 ,72634 ,3879 ,10554 ,5115 ,0 ,4224 ,506016 ,735998 ,246 ,4703 ,2894789 ,2771 ,2131 ,90121 ,0 ,35803 ,6876 ,133416 ,38532 ,19338 ,0 ,4711 ,65572 ,9066 ,1395 ,0 ,44352 ,3509 ,5666 ,1538 ,182137 ,16391 ,0 ,25303 ,23133 ,6799 ,4849 ,21415 ,2537 ,0 ,21101 ,19554 ,2170 ,12192 ,2167 ,75725 ,137989 ,5064 ,3076053 ,7664 ,3687 ,3250 ,0 ,244374 ,21359 ,1487 ,190 ,0 ,2874 ,64293 ,6533 ,0 ,16917 ,109595 ,1937 ,251722 ,15632 ,122476 ,1414219 ,4691 ,90191 ,76237 ,2410 ,10773 ,434803 ,12694 ,8059 ,6495 ,4848 ,9835 ,138030 ,739 ,94571 ,53336 ,120 ,0 ,2495 ,2035 ,190 ,5290 ,2985 ,730614 ,0 ,1245 ,14765 ,39074 ,32600 ,27012 ,29491 ,66713 ,386748 ,122799 ,2902 ,10116 ,576090 ,1525631 ,9665 ,778065 ,1871 ,13386 ,12988 ,7513 ,2847720 ,14313 ,0 ,49728 ,29397 ,176576 ,6975 ,2990 ,108896 ,91052 ,4328 ,35055 ,120907 ,6410 ,11855 ,0 ,29590 ,1975 ,95733 ,9436 ,4634 ,1781 ,15401 ,910299 ,5902 ,23473 ,86443 ,220803 ,723 ,723 ,4190 ,6319 ,54442 ,4301 ,963930 ,378 ,165156 ,2978 ,136645 ,719 ,210521 ,6322 ,1211 ,2166 ,182363 ,21305 ,782 ,3042 ,3042 ,4516 ,6312 ,12802 ,5259 ,147280 ,49076 ,105313 ,3746 ,406371 ,53682317 ,60 ,14848 ,189565 ,406743 ,3676 ,89618 ,35763 ,316050 ,106881 ,1869137 ,0 ,7459 ,7375 ,48174 ,2270 ,1667 ,3883 ,1486 ,11162 ,17805 ,4616 ,16032 ,1212 ,16988 ,668473 ,3541 ,5122 ,73941 ,2495539 ,1038085 ,11986 ,384668 ,3586 ,18919 ,0 ,1531 ,22048 ,11283 ,0 ,682 ,169731 ,87745 ,608950 ,418 ,9436 ,3431 ,30316 ,45955 ,26762 ,19798 ,49336 ,332 ,4492 ,61611 ,90 ,96989 ,148933 ,1281 ,10467 ,33578 ,233 ,1190550 ,1076 ,142713 ,878546 ,457733 ,406 ,24068 ,8107 ,614 ,51933 ,4917 ,8290 ,12892 ,80520 ,49632 ,473024 ,26210 ,6382 ,6316 ,116618 ,90344 ,16619 ,54751 ,1050212 ,11107969 ,11090 ,15189 ,95698 ,1678 ,0 ,87 ,260203 ,4919 ,260994 ,6315 ,1846 ,302137 ,37118 ,3269 ,157412 ,4321 ,16327292 ,27204 ,196633 ,8350 ,26308 ,3022 ,121062 ,2816 ,10089 ,23980 ,104922 ,685253 ,56936 ,213852 ,10725 ,6241 ,2364 ,11582 ,3527 ,7796 ,1387 ,634 ,10708 ,10708 ,38299362 ,1335740 ,5571 ,8225 ,1127527 ,2755605 ,365172 ,190 ,11368 ,46069 ,175885 ,7488 ,139421 ,623 ,27188 ,144420 ,4301 ,19525 ,13362 ,121521 ,43 ,3200 ,5950866 ,1791 ,566399 ,14376159 ,171532 ,60790 ,28923 ,436 ,262429 ,201 ,20988 ,2773 ,8992 ,0 ,15249 ,1420 ,0 ,207155 ,12554 ,5768 ,21495 ,34508 ,1619994 ,16254 ,1725 ,5007 ,5291 ,6366 ,257500 ,0 ,16694 ,44880 ,463866 ,0 ,2345052 ,8323 ,1003 ,991385006 ,0 ,4140 ,210 ,5050 ,1284394 ,1681 ,9060 ,3977 ,1271829 ,24094 ,1349 ,102 ,36397 ,0 ,14427 ,1759 ,2649 ,16573 ,1383666 ,18282 ,164912 ,81508 ,462 ,4469 ,29981 ,8301 ,0 ,2382 ,2698 ,97925 ,3116 ,0 ,5565 ,1987382 ,7187 ,134737 ,5852 ,5113 ,1758 ,1183 ,8454 ,35701 ,3597 ,52872 ,27790 ,15370 ,61293 ,74296 ,73588 ,834161 ,15737 ,17806 ,28308 ,2074 ,6735 ,3282 ,2440825 ,17846 ,260270 ,4816 ,2788 ,1681325 ,8403 ,23011 ,5989 ,8943 ,269255 ,135880 ,58403 ,15661 ,2375 ,10524 ,2041 ,0 ,0 ,22886 ,28954 ,30788 ,23434 ,1551 ,6086 ,39055 ,97095 ,10115 ,19089 ,11859 ,35749 ,0 ,42841293 ,3298203 ,7943047 ,22664 ,1504703 ,4098568 ,328168 ,69198 ,0 ,422645 ,8779 ,6097 ,57413 ,175874 ,7414 ,0 ,0 ,6938 ,0 ,11702 ,1450264 ,189936 ,28808 ,87406 ,1324 ,4505 ,1114419 ,0 ,61497 ,1843405 ,1030 ,37137 ,191935 ,0 ,14563 ,2709 ,95964 ,1586 ,3776 ,53953 ,175494 ,59353 ,103468 ,7187 ,221374 ,674 ,72603 ,7985 ,5665 ,113098 ,1599663 ,0 ,568400 ,3121 ,0 ,9036 ,2359 ,1155 ,568 ,231131 ,0 ,19479999 ,73548 ,39758 ,462 ,165876 ,15939 ,31385 ,14589 ,127094 ,33950 ,6318 ,22510 ,21490 ,57731 ,2796541 ,0 ,13939 ,805861 ,256680 ,411769 ,221788 ,2325 ,8492 ,2457 ,168753 ,706950 ,2506587 ,62987 ,439 ,602585 ,1056362 ,1707 ,84156 ,3970 ,182434 ,928985 ,3783 ,1137 ,1676 ,968 ,153401 ,576160 ,90031 ,1285 ,47929 ,101383 ,307835 ,196165 ,38693 ,182021 ,7968 ,1885 ,173373 ,7546595 ,2041 ,2261 ,5080 ,364882 ,4382 ,6326879 ,30940 ,292748 ,79160 ,66870 ,0 ,12780 ,17256 ,237181 ,4961 ,43991 ,534854 ,1873 ,19607 ,5613 ,3298 ,113417 ,568 ,79768 ,115860 ,11780 ,4325432 ,5278731 ,18563 ,3995168 ,7342 ,155840 ,525 ,32211 ,3687 ,0 ,0 ,0 ,1321480 ,6736 ,6550 ,60035 ,125910 ,3643 ,877494 ,0 ,1724 ,112277 ,34268 ,2994 ,81068 ,2450 ,0 ,43796 ,57781 ,7014 ,2324320 ,96848 ,15140 ,2505 ,30092 ,174834 ,21833 ,10392 ,12091 ,86197 ,47272 ,3625 ,2588 ,9493 ,31077 ,31077 ,4365518 ,15877 ,43114 ,6467 ,564899 ,2872767167 ,5527 ,512 ,16039 ,13800 ,21646 ,672 ,12552 ,2986 ,2288021 ,172810 ,52781 ,95460 ,2849 ,92917 ,3025 ,221 ,1298 ,9944 ,7313 ,565833 ,141339 ,4372 ,9649 ,15254 ,23279 ,0 ,989 ,0 ,244435 ,5758 ,236 ,0 ,0 ,89571 ,0 ,8999 ,122486 ,70070 ,65100 ,486977 ,0 ,11205 ,424246 ,5994 ,413097 ,21994 ,725 ,8327 ,6418 ,4301 ,79583 ,0 ,11060 ,3256780 ,184760 ,0 ,1132 ,267220 ,6664 ,2304 ,0 ,3501 ,0 ,121359 ,62828 ,6603 ,30297 ,904 ,7437 ,51407 ,203940 ,4665 ,4436 ,6588 ,11770 ,13702 ,4311 ,11550 ,3716 ,33312 ,709819 ,309 ,1448 ,1448 ,13134 ,1225884 ,2698 ,911883 ,6382 ,22998 ,3907 ,14288 ,1645 ,3551 ,0 ,345276 ,107328 ,11445 ,20818 ,1727 ,387771 ,97357 ,865 
2019-04-01,2810 ,1842 ,481 ,0 ,92 ,37561 ,9360 ,0 ,0 ,9166 ,3780 ,2630 ,58054 ,1032 ,5881 ,0 ,8447 ,306 ,597 ,535591 ,49911 ,18989 ,24827 ,30634 ,15185 ,88927 ,72679 ,142772 ,3133 ,618 ,259 ,31402 ,235686 ,2257 ,0 ,15611 ,8306 ,375336 ,986 ,0 ,942 ,28378 ,350 ,8384 ,1428 ,41596 ,31230648 ,1904 ,42653 ,0 ,539 ,340623 ,3370 ,0 ,4508341 ,7620 ,13536 ,0 ,41214 ,60904859 ,887340 ,0 ,0 ,0 ,6272 ,550372 ,70149 ,5096 ,7390 ,1617 ,0 ,17926 ,2617490 ,2543 ,1334 ,11550 ,2156 ,6394 ,48611 ,21050 ,19072 ,4438 ,64738 ,986 ,770 ,4164 ,421575 ,29051 ,4750 ,4513 ,5250 ,1384 ,7040 ,0 ,3068 ,1538 ,2074131 ,475493 ,2060 ,2834 ,33406 ,0 ,4236 ,1757 ,97850 ,71855 ,5472 ,278421 ,0 ,1884 ,347507 ,11092 ,9537 ,8892 ,120575 ,13387 ,376682 ,791287 ,65301 ,1684 ,446608 ,11195 ,120095 ,11644 ,5760 ,11601 ,162100 ,379852 ,2618 ,2935 ,0 ,22035 ,2790 ,609195 ,5090 ,880677 ,13763 ,463 ,57106 ,575 ,0 ,0 ,74033 ,1738 ,3481 ,6013 ,9504 ,5133097 ,54641 ,75299 ,110979 ,195 ,2600 ,27598 ,90103 ,0 ,501340 ,0 ,0 ,489346 ,840 ,14710 ,42999 ,15881 ,0 ,673018 ,13577 ,642910 ,1894 ,7796 ,2004 ,11163 ,7454 ,158 ,49 ,0 ,19333 ,44274 ,737950 ,3359 ,1545 ,2817596 ,38500 ,66999 ,5106 ,35140 ,20306 ,0 ,136181 ,78 ,1426 ,4953 ,4080 ,3241 ,8229 ,35981 ,1542 ,30047 ,1148 ,4126 ,191000 ,3193 ,0 ,1483 ,762243 ,52550 ,4670 ,9856 ,69535 ,4809 ,0 ,30862 ,3548 ,28023 ,13266 ,14147 ,13191 ,1592 ,24743 ,45504 ,156960 ,404442 ,837 ,214923 ,92470 ,4588 ,986 ,6316 ,214 ,2184 ,10729 ,1563 ,582504 ,81922 ,811 ,46127 ,12285 ,20005 ,46441 ,95785 ,589949 ,698387 ,3269 ,3352 ,21920 ,665265 ,23757 ,3863 ,3721 ,19463 ,1583887 ,24526 ,2597 ,0 ,25977 ,2846 ,159892 ,33676 ,823 ,840 ,1535336 ,70422 ,2764 ,331 ,1592 ,268 ,839 ,1893 ,125943 ,350 ,167 ,0 ,37773 ,18140 ,1997 ,6167 ,19317 ,153642 ,4641 ,3435 ,99588 ,1187 ,11264 ,64583 ,42331 ,4686 ,17063 ,275 ,1109676 ,21043 ,1232 ,719487 ,9817 ,2672 ,1734 ,96512 ,19354 ,35646 ,20208 ,2092 ,4751 ,25678 ,29359 ,4305 ,114970 ,127929 ,1645 ,5841 ,97491 ,46304 ,3460 ,34643 ,500989 ,0 ,18759 ,8806 ,4981 ,3276 ,850 ,2661 ,1988 ,9797 ,515 ,1518 ,1756 ,158452 ,986 ,559 ,0 ,33902 ,2876 ,77683 ,1480827 ,21405 ,91275 ,20737 ,1742348 ,2379299 ,987005 ,675175 ,4191 ,138095 ,915672 ,23630 ,12140 ,9150 ,2620326 ,13765 ,940 ,5520 ,25973 ,109195 ,1261 ,5123 ,70763 ,244 ,156663 ,4936 ,0 ,86883 ,2011 ,7489 ,72163 ,299180 ,281682 ,865172 ,4173 ,36299 ,30113 ,490 ,790 ,2000 ,702613 ,5516 ,651 ,2216 ,169236 ,3099 ,1288272 ,6053 ,0 ,1192 ,840 ,1614 ,7915237 ,2216 ,5411 ,271212 ,3254 ,54641 ,13304 ,990 ,986 ,7070 ,10446 ,51788 ,10587 ,188207 ,73551 ,14886 ,87451 ,14106 ,12801 ,8209 ,0 ,7657 ,428401 ,557571 ,715 ,4102 ,1896596 ,1184 ,1239 ,58904 ,0 ,12527 ,5020 ,69631 ,22666 ,6867 ,0 ,1326 ,43467 ,3978 ,1609 ,0 ,7389 ,350 ,1171 ,0 ,105993 ,12316 ,0 ,20025 ,13205 ,5598 ,17767 ,29744 ,340 ,0 ,31960 ,5806 ,2726 ,1166 ,4561 ,40375 ,106425 ,1443 ,4659031 ,1456 ,4814 ,3147 ,0 ,199033 ,17018 ,2060 ,354 ,12092 ,1398 ,50595 ,4250 ,355 ,15909 ,49326 ,78 ,262145 ,11582 ,104059 ,1373987 ,1488 ,78123 ,28200 ,705 ,12818 ,292845 ,1290 ,9289 ,18491 ,3038 ,7931 ,74724 ,1336 ,70862 ,39783 ,2919 ,363 ,782 ,2628 ,0 ,2086 ,4252 ,559521 ,8118 ,1638 ,13759 ,10828 ,13767 ,23620 ,42699 ,39474 ,198859 ,91444 ,1988 ,8212 ,297344 ,1102033 ,2119 ,641572 ,3875 ,7007 ,3498 ,2619 ,2463153 ,11668 ,0 ,24040 ,4075 ,126643 ,4064 ,3847 ,51207 ,59931 ,1132 ,40425 ,161052 ,4472 ,10656 ,0 ,17193 ,16976 ,65877 ,4686 ,8333 ,3054 ,15335 ,64330 ,4844 ,23587 ,122975 ,121265 ,1685 ,1685 ,1613 ,2388 ,52665 ,2952 ,927691 ,0 ,149981 ,1353 ,106962 ,350 ,151821 ,3578 ,1580 ,585 ,179233 ,8429 ,1078 ,5119 ,5119 ,1221 ,1615 ,8532 ,3720 ,35948 ,50869 ,73062 ,2328 ,61125 ,9069936 ,1169 ,7198 ,183131 ,448988 ,4879 ,78455 ,23846 ,308385 ,81774 ,1516896 ,0 ,7283 ,1312 ,21828 ,3925 ,1219 ,1288 ,0 ,1103 ,16855 ,3215 ,29812 ,2408 ,7611 ,605932 ,5162 ,3169 ,64300 ,1209625 ,815629 ,1985 ,365689 ,3573 ,22136 ,0 ,1292 ,6286 ,4153 ,0 ,201 ,112910 ,71323 ,432936 ,1674 ,7387 ,350 ,19238 ,11552 ,34412 ,13507 ,27634 ,2153 ,2342 ,21971 ,0 ,41171 ,158619 ,1385 ,11177 ,30736 ,349 ,864480 ,664 ,49181 ,710064 ,2178276 ,78 ,46344 ,2187 ,1738 ,38524 ,1592 ,7734 ,9048 ,59103 ,26275 ,396763 ,13769 ,1186 ,6571 ,61707 ,35413 ,2074 ,41865 ,452383 ,6496249 ,7894 ,10310 ,98200 ,698 ,490 ,0 ,201600 ,2240 ,200751 ,379 ,307 ,225368 ,15268 ,2484 ,163520 ,1280 ,13149569 ,23163 ,174368 ,11678 ,4911 ,812 ,104292 ,350 ,624 ,16201 ,86609 ,604270 ,20061 ,178617 ,2798 ,2991 ,20771 ,9075 ,4915 ,3521 ,2269 ,1237 ,9257 ,9257 ,9567340 ,1036332 ,4891 ,9396 ,736309 ,3108377 ,405047 ,423 ,8454 ,11200 ,161255 ,10834 ,46034 ,1915 ,18990 ,124033 ,350 ,20442 ,11134 ,137811 ,127 ,3897 ,4180169 ,1745 ,265618 ,8427071 ,158772 ,55099 ,10498 ,49 ,276917 ,122 ,12606 ,965 ,9555 ,0 ,344 ,847 ,0 ,263166 ,9324 ,1107 ,10809 ,52094 ,711181 ,8555 ,1763 ,3172 ,7181 ,1476 ,114641 ,2166 ,20246 ,42776 ,280357 ,0 ,2045963 ,4443 ,2056 ,493360213 ,276 ,5356 ,195 ,9841 ,691546 ,523 ,1730 ,634 ,892510 ,9823 ,4459 ,0 ,30504 ,0 ,9793 ,3697 ,1714 ,10624 ,995257 ,13446 ,121749 ,91511 ,0 ,3203 ,37418 ,26082 ,0 ,628 ,986 ,60014 ,2568 ,0 ,4207 ,1446207 ,3535 ,80587 ,3032 ,2026 ,905 ,1097 ,8394 ,6179 ,1876 ,29347 ,28317 ,4728 ,20738 ,64783 ,35365 ,720445 ,12218 ,3007 ,23278 ,3558 ,4418 ,2778 ,843348 ,9699 ,144440 ,1950 ,0 ,1386174 ,3912 ,275 ,2424 ,11046 ,174793 ,67804 ,35327 ,13970 ,1603 ,6844 ,4377 ,0 ,0 ,10273 ,16828 ,14633 ,34820 ,1458 ,24437 ,18637 ,77661 ,249 ,25639 ,1394 ,16399 ,0 ,42795519 ,3138618 ,7637935 ,22757 ,1543087 ,3907897 ,107322 ,53814 ,0 ,462311 ,4680 ,5778 ,69576 ,210261 ,3984 ,215 ,3209 ,8772 ,0 ,5193 ,1070370 ,204749 ,29909 ,98806 ,12450 ,1701 ,929086 ,214 ,56229 ,1653279 ,2467 ,22938 ,128404 ,49 ,6592 ,2579 ,29508 ,1390 ,3268 ,41626 ,102945 ,41719 ,84674 ,0 ,145941 ,2451 ,38275 ,417 ,1188 ,26397 ,1373298 ,0 ,240406 ,0 ,0 ,5536 ,120 ,138 ,3097 ,133042 ,0 ,15217501 ,91605 ,38591 ,656 ,97007 ,20120 ,25401 ,10940 ,130560 ,41163 ,13192 ,28933 ,15101 ,39062 ,2438650 ,2297 ,3113 ,88159 ,152916 ,263505 ,185709 ,3066 ,6625 ,3217 ,142176 ,681455 ,1990136 ,32032 ,1292 ,231166 ,921882 ,11174 ,90421 ,12004 ,161264 ,930970 ,4577 ,1592 ,986 ,1127 ,141717 ,399931 ,14996 ,4475 ,12066 ,75857 ,272292 ,173042 ,19317 ,190521 ,7053 ,1875 ,140954 ,7573529 ,4377 ,1559 ,6957 ,436956 ,2496 ,2655424 ,20845 ,155485 ,204309 ,49615 ,1029 ,6446 ,9285 ,257751 ,6482 ,27841 ,586694 ,1745 ,24878 ,6164 ,4851 ,100288 ,1182 ,50316 ,65368 ,5673 ,4166183 ,6175697 ,5553 ,2433698 ,2787 ,95380 ,195 ,17911 ,3929 ,0 ,0 ,0 ,1484419 ,5859 ,1562 ,51000 ,93542 ,2396 ,311035 ,0 ,93 ,154924 ,33319 ,195 ,69840 ,2453 ,0 ,76607 ,52982 ,840 ,1911371 ,36102 ,16986 ,1299 ,20805 ,78001 ,13157 ,6949 ,19574 ,99617 ,44681 ,2997 ,2243 ,4583 ,20913 ,16701 ,2092752 ,9577 ,30300 ,3149 ,391200 ,1308405883 ,3042 ,2550 ,3286 ,5671 ,22492 ,503 ,3869 ,1640 ,979278 ,31058 ,26046 ,86791 ,1349 ,51952 ,12185 ,78 ,1155 ,2569 ,2980 ,575727 ,137206 ,869 ,3473 ,15620 ,23549 ,0 ,350 ,0 ,162518 ,1901 ,842 ,0 ,0 ,65151 ,0 ,10501 ,26310 ,40777 ,39201 ,60679 ,0 ,8780 ,226758 ,2553 ,108497 ,36968 ,2183 ,4494 ,13934 ,490 ,72562 ,350 ,18295 ,1363923 ,158297 ,0 ,150 ,268059 ,3887 ,2266 ,0 ,350 ,10424 ,133538 ,20684 ,15230 ,9555 ,629 ,5052 ,37541 ,166789 ,1697 ,3129 ,6544 ,749 ,9949 ,2564 ,3588 ,1592 ,28960 ,477166 ,1535 ,1426 ,1426 ,10732 ,276275 ,3769 ,749498 ,2886 ,26583 ,3035 ,13205 ,1992 ,3336 ,350 ,351280 ,86100 ,13036 ,7201 ,2328 ,369107 ,87599 ,2295 
2019-05-01,2697 ,1152 ,948 ,0 ,570 ,32230 ,6704 ,0 ,0 ,7627 ,5325 ,794 ,78020 ,771 ,13455 ,308 ,1915 ,264 ,2953 ,492232 ,56495 ,164 ,32078 ,24330 ,6309 ,64308 ,94498 ,224677 ,400 ,826 ,1626 ,21101 ,274230 ,7300 ,133 ,25642 ,3042 ,395054 ,1826 ,0 ,3173 ,28634 ,2665 ,8577 ,2147 ,46224 ,32472577 ,720 ,39953 ,81799 ,10348 ,336020 ,9516 ,0 ,4709244 ,9921 ,16618 ,0 ,21156 ,64248822 ,733058 ,0 ,0 ,1956 ,5349 ,732077 ,52436 ,13437 ,10262 ,3478 ,0 ,29931 ,1858529 ,2020 ,473 ,8285 ,3672 ,5657 ,58895 ,35401 ,14983 ,1784 ,72586 ,1240 ,5992 ,2732 ,472752 ,17667 ,3566 ,5017 ,4686 ,1131 ,2402 ,4506 ,910 ,3326 ,2094421 ,510474 ,3446 ,744 ,35353 ,169 ,11410 ,1408 ,107542 ,65823 ,12003 ,207596 ,0 ,5919 ,353671 ,25409 ,9625 ,3917 ,111074 ,10823 ,488699 ,1168006 ,70428 ,3713 ,469433 ,9205 ,106078 ,9205 ,3703 ,10394 ,185081 ,381513 ,3971 ,2295 ,0 ,6957 ,6597 ,559627 ,2528 ,919980 ,14741 ,478 ,68961 ,986 ,6618 ,1176 ,69902 ,1392 ,728 ,9446 ,10800 ,5485830 ,39596 ,103249 ,39375 ,0 ,657 ,43973 ,103156 ,0 ,466327 ,0 ,7363 ,475231 ,638 ,19577 ,38980 ,8153 ,0 ,657315 ,8356 ,724481 ,1259 ,6735 ,2132 ,4509 ,8412 ,217 ,4435 ,0 ,20204 ,57643 ,700797 ,1834 ,1095 ,2843871 ,32722 ,52291 ,10831 ,49780 ,20081 ,0 ,189348 ,2063 ,1394 ,2214 ,5748 ,1341 ,8459 ,47973 ,4397 ,41015 ,20 ,2901 ,184386 ,7097 ,0 ,5835 ,841299 ,37449 ,1489 ,12401 ,93602 ,4713 ,0 ,9456 ,3219 ,17660 ,14411 ,26170 ,10041 ,2808 ,17370 ,33672 ,148141 ,455931 ,1185 ,260235 ,141943 ,3038 ,314 ,7065 ,309 ,1787 ,5384 ,4309 ,539515 ,115286 ,6513 ,44254 ,7990 ,11186 ,46458 ,117464 ,671503 ,608844 ,4584 ,15189 ,29958 ,767028 ,29059 ,704 ,2413 ,57544 ,1431523 ,20483 ,11314 ,0 ,33661 ,5687 ,161048 ,52589 ,39 ,1819 ,1669530 ,61983 ,2498 ,1632 ,308 ,0 ,4257 ,1105 ,125780 ,308 ,910 ,3504 ,58846 ,23232 ,2086 ,7095 ,5904 ,169369 ,2013 ,5434 ,104516 ,5526 ,23958 ,64423 ,47368 ,3392 ,17683 ,2031 ,1225526 ,20742 ,1699 ,739058 ,2794 ,7798 ,4591 ,94908 ,20364 ,20767 ,9321 ,308 ,2766 ,39233 ,33148 ,8589 ,113610 ,143993 ,2304 ,1507 ,77169 ,46826 ,2552 ,35277 ,392239 ,846 ,15374 ,9960 ,4629 ,3931 ,907 ,1780 ,2595 ,14794 ,26 ,1704 ,2072 ,136548 ,3946 ,2256 ,0 ,51177 ,4904 ,89848 ,1316472 ,25825 ,65178 ,14756 ,1861561 ,2408765 ,1018386 ,787871 ,1575 ,139839 ,894615 ,35339 ,3566 ,15708 ,2419971 ,10953 ,4465 ,4598 ,34665 ,119638 ,1794 ,1824 ,76425 ,0 ,177476 ,7538 ,0 ,90443 ,1210 ,10090 ,74662 ,303829 ,319400 ,930417 ,5959 ,43927 ,25321 ,3694 ,602 ,1785 ,828368 ,6663 ,1420 ,1240 ,215305 ,8727 ,1275174 ,1957 ,0 ,2198 ,977 ,1329 ,8502499 ,1401 ,2883 ,271692 ,238 ,19850 ,9570 ,0 ,2372 ,6118 ,3481 ,47398 ,11924 ,177071 ,66530 ,11871 ,51007 ,7353 ,16580 ,8505 ,0 ,6724 ,491959 ,554920 ,609 ,2623 ,1880322 ,104 ,0 ,74066 ,0 ,37373 ,6208 ,26055 ,24249 ,3221 ,1819 ,1161 ,51383 ,3286 ,1399 ,910 ,17773 ,0 ,537 ,0 ,96910 ,9332 ,591 ,21398 ,17313 ,9648 ,8658 ,31531 ,2926 ,2683 ,37127 ,5272 ,1243 ,1114 ,994 ,35589 ,79207 ,2414 ,4786596 ,3271 ,3553 ,3114 ,0 ,265829 ,14119 ,2563 ,169 ,9761 ,1335 ,42185 ,1322 ,0 ,12703 ,52786 ,1578 ,244917 ,16655 ,95231 ,1357010 ,2085 ,77978 ,57856 ,612 ,10891 ,335730 ,1560 ,4315 ,14665 ,2573 ,10892 ,81835 ,265 ,92394 ,42811 ,5206 ,175 ,242 ,2683 ,0 ,3555 ,2041 ,506613 ,32613 ,3020 ,8059 ,11186 ,9075 ,24315 ,24328 ,40307 ,303299 ,92848 ,1301 ,1395 ,314208 ,1107540 ,0 ,708458 ,13846 ,1983 ,2294 ,5042 ,2434968 ,11818 ,0 ,18135 ,5767 ,106872 ,4065 ,3397 ,45223 ,48068 ,1917 ,82681 ,336181 ,6083 ,16414 ,0 ,29069 ,1818 ,71569 ,13046 ,5851 ,4964 ,28721 ,92528 ,6748 ,31508 ,109318 ,141883 ,425 ,425 ,1491 ,1850 ,49191 ,2769 ,922497 ,0 ,125275 ,668 ,116632 ,308 ,169876 ,2958 ,1541 ,1630 ,165162 ,12201 ,1473 ,2084 ,2084 ,381 ,7029 ,8727 ,3693 ,11410 ,51627 ,97131 ,2440 ,66891 ,11920514 ,1204 ,3748 ,194148 ,420694 ,4310 ,37901 ,26720 ,266570 ,52543 ,1739696 ,0 ,6021 ,727 ,25570 ,1731 ,1295 ,3346 ,0 ,3032 ,8424 ,8606 ,7346 ,1594 ,3769 ,635100 ,4132 ,2723 ,62209 ,1273194 ,801102 ,308 ,353776 ,2728 ,24844 ,178 ,1710 ,20166 ,3011 ,175 ,7351 ,133180 ,72110 ,332005 ,13725 ,11153 ,1045 ,15455 ,14788 ,73260 ,17065 ,30000 ,3057 ,1710 ,27503 ,0 ,53359 ,194285 ,2087 ,14647 ,66595 ,1262 ,838687 ,3365 ,37741 ,673444 ,1992055 ,744 ,100113 ,2047 ,1392 ,27186 ,1489 ,5821 ,11070 ,48044 ,26205 ,438490 ,18310 ,1698 ,7810 ,38982 ,55123 ,11905 ,44821 ,438285 ,14108180 ,12379 ,21518 ,100752 ,986 ,1136 ,0 ,219289 ,1879 ,235288 ,1888 ,277 ,217764 ,15050 ,0 ,179997 ,709 ,14638480 ,10545 ,211479 ,31428 ,4891 ,7142 ,160705 ,1570 ,785 ,15049 ,122831 ,666515 ,24159 ,167435 ,6977 ,6068 ,9203 ,14782 ,2093 ,2677 ,4383 ,2030 ,16475 ,16475 ,11351158 ,1104358 ,4565 ,5648 ,814883 ,3196348 ,402053 ,2022 ,10033 ,14736 ,178411 ,8323 ,44266 ,1740 ,20944 ,118124 ,461 ,25024 ,9501 ,170493 ,296 ,10368 ,4208356 ,2124 ,372487 ,8530690 ,131217 ,53974 ,8074 ,0 ,269572 ,118 ,15557 ,4428 ,36784 ,0 ,3240 ,641 ,0 ,206860 ,7137 ,4459 ,32044 ,35760 ,1462626 ,9969 ,344 ,2087 ,4977 ,910 ,120240 ,2881 ,27589 ,47348 ,180016 ,0 ,1961930 ,8637 ,1500 ,520005814 ,0 ,3909 ,1070 ,16870 ,858517 ,4642 ,1096 ,3838 ,907979 ,12135 ,5057 ,0 ,41649 ,0 ,7838 ,2543 ,1222 ,16589 ,890310 ,25197 ,121911 ,75243 ,795 ,3740 ,26428 ,9014 ,0 ,3927 ,1240 ,70249 ,3047 ,0 ,2681 ,1475000 ,5290 ,58152 ,4686 ,4846 ,312 ,0 ,9814 ,7730 ,1994 ,42064 ,31238 ,1036 ,21296 ,54975 ,23724 ,693828 ,17638 ,4828 ,18735 ,2425 ,1593 ,2600 ,900392 ,10508 ,189949 ,1875 ,4770 ,1389404 ,5655 ,249 ,227 ,12292 ,196306 ,96382 ,38634 ,11850 ,2191 ,8643 ,1725 ,0 ,91 ,9213 ,23168 ,23194 ,21829 ,451 ,3824 ,15279 ,96993 ,5062 ,3790 ,11162 ,20517 ,37023 ,42657660 ,3338845 ,7630148 ,33406 ,1439536 ,3824617 ,125282 ,146602 ,0 ,405776 ,6040 ,5343 ,57339 ,176333 ,6205 ,169 ,2193 ,2300 ,0 ,4246 ,1185641 ,151373 ,44624 ,117527 ,1368 ,1408 ,852774 ,247 ,58912 ,1529448 ,2204 ,14368 ,144270 ,49 ,10428 ,218 ,33280 ,731 ,11380 ,43085 ,107002 ,37179 ,130214 ,0 ,212202 ,888 ,40915 ,487 ,695 ,23890 ,1537374 ,0 ,247818 ,0 ,0 ,8035 ,2232 ,7785 ,537 ,139329 ,49840 ,15922358 ,85956 ,40047 ,308 ,83428 ,27782 ,23946 ,9264 ,106820 ,34034 ,16906 ,38634 ,4122 ,24551 ,2504282 ,3349 ,3328 ,99850 ,158224 ,257734 ,195268 ,11077 ,7049 ,3618 ,184953 ,635013 ,1858611 ,39726 ,1281 ,235721 ,873892 ,1450 ,94051 ,8821 ,210889 ,843755 ,6478 ,7782 ,1240 ,2087 ,129645 ,368666 ,16055 ,7732 ,1666958 ,68445 ,277483 ,159024 ,22101 ,210785 ,4648 ,169 ,123737 ,8053963 ,1725 ,0 ,4413 ,357962 ,7453 ,2222404 ,26685 ,228896 ,308666 ,43063 ,1684 ,6787 ,9605 ,230317 ,6060 ,29659 ,802226 ,284 ,15673 ,3907 ,4974 ,91976 ,899 ,43278 ,91191 ,9132 ,4318425 ,6242380 ,14164 ,2788514 ,2555 ,96880 ,2 ,11573 ,3368 ,0 ,0 ,223 ,1458152 ,7367 ,5947 ,69089 ,77770 ,5504 ,381245 ,0 ,192 ,94818 ,27928 ,1325 ,78847 ,1806 ,0 ,141909 ,70128 ,308 ,2110491 ,31820 ,17590 ,2356 ,14280 ,67228 ,11910 ,8990 ,16575 ,121764 ,49403 ,2883 ,1240 ,6487 ,13978 ,13424 ,2626190 ,3976 ,22066 ,8092 ,469490 ,1354664654 ,5647 ,123 ,2813 ,4021 ,29804 ,607 ,3664 ,2791 ,1162472 ,26663 ,33643 ,85102 ,249 ,57784 ,13780 ,518 ,1295 ,7467 ,5979 ,584379 ,168676 ,1178 ,5806 ,8714 ,27326 ,169 ,910 ,0 ,227455 ,65 ,370 ,0 ,0 ,54881 ,35655 ,11474 ,37699 ,54979 ,69359 ,75945 ,0 ,4058 ,181917 ,1037 ,150296 ,57737 ,1219 ,1689 ,2113 ,2265 ,72676 ,0 ,690 ,1228702 ,151903 ,0 ,0 ,258056 ,5565 ,4771 ,0 ,0 ,2215 ,126901 ,55504 ,17539 ,14082 ,3862 ,7066 ,32861 ,160383 ,4897 ,4908 ,4572 ,7295 ,11924 ,7032 ,7601 ,1169 ,24906 ,474742 ,1657 ,1907 ,1907 ,6955 ,298497 ,4352 ,634580 ,1782 ,18223 ,4019 ,16105 ,910 ,910 ,1484 ,284134 ,83984 ,15477 ,22924 ,610 ,332764 ,96160 ,1737 
2019-06-01,2727 ,1159 ,654 ,1607 ,86 ,21843 ,18859 ,1072 ,760 ,6348 ,1514 ,15624 ,75906 ,11303 ,9927 ,0 ,1598 ,761 ,3213 ,484715 ,59126 ,6180 ,25959 ,26925 ,16135 ,63706 ,95073 ,140884 ,1114 ,266 ,2446 ,16085 ,279717 ,7281 ,205 ,26496 ,2249 ,410123 ,2302 ,0 ,2892 ,20286 ,0 ,11743 ,2195 ,62620 ,30176586 ,218 ,42097 ,69583 ,1186 ,348943 ,4003 ,2203 ,4308567 ,7210 ,23173 ,0 ,27328 ,65983283 ,693358 ,0 ,0 ,3029 ,8872 ,654603 ,445390 ,3438 ,9201 ,1745 ,0 ,67573 ,2141571 ,7340 ,1561 ,5671 ,2157 ,7521 ,39702 ,81819 ,13421 ,2204 ,71497 ,0 ,5742 ,3243 ,517955 ,21988 ,6325 ,12582 ,1001 ,864 ,3634 ,10098 ,3818 ,3726 ,2482737 ,534440 ,1490 ,763 ,41968 ,0 ,13720 ,2685 ,133016 ,80461 ,8120 ,304438 ,33298 ,4852 ,346707 ,31596 ,5286 ,5637 ,114725 ,18655 ,423416 ,1502233 ,78386 ,3313 ,559591 ,4692 ,104109 ,8390 ,3378 ,12130 ,194682 ,366071 ,31482 ,537 ,1061 ,13464 ,22559 ,581554 ,3981 ,1084852 ,25567 ,792 ,73916 ,344 ,2552 ,1855 ,91777 ,1315 ,739 ,5200 ,4455 ,6550903 ,31327 ,71032 ,94321 ,0 ,3953 ,74449 ,105229 ,5781 ,417332 ,1819 ,8145 ,547133 ,1131 ,29375 ,41172 ,8900 ,695 ,778658 ,9211 ,799554 ,2206 ,8860 ,789 ,2277 ,9851 ,454 ,3994 ,2004 ,18306 ,51075 ,661141 ,3465 ,601 ,2705449 ,33679 ,59391 ,10417 ,50065 ,24178 ,0 ,190277 ,212 ,710 ,4072 ,8529 ,1177 ,4709 ,52197 ,9275 ,39793 ,550 ,113 ,239254 ,8616 ,0 ,2207 ,874343 ,38102 ,534 ,15763 ,64074 ,1018 ,1034 ,25300 ,3568 ,50643 ,18187 ,32958 ,5959 ,2084 ,15859 ,29822 ,147528 ,511627 ,1654 ,209021 ,164377 ,12335 ,1640 ,5542 ,642 ,1847 ,1611 ,3422 ,553526 ,100509 ,14745 ,44226 ,11630 ,7252 ,52253 ,113013 ,1368184 ,301065 ,6861 ,20058 ,22760 ,779424 ,38778 ,7714 ,1826 ,45999 ,1620372 ,31449 ,8261 ,5470 ,28529 ,4087 ,202817 ,65432 ,12959 ,3611 ,1863944 ,85687 ,1134 ,4436 ,1061 ,163 ,3503 ,749 ,99104 ,1061 ,1675 ,3466 ,41001 ,21442 ,1675 ,13788 ,5964 ,165709 ,6671 ,2359 ,114954 ,1614 ,8225 ,71622 ,40615 ,2096 ,17178 ,6525 ,1352493 ,24116 ,3785 ,801495 ,391 ,0 ,1385 ,111950 ,7906 ,17051 ,1092 ,1834 ,5642 ,52908 ,36570 ,9025 ,102489 ,127122 ,3301 ,2558 ,107304 ,45917 ,1703 ,51247 ,399599 ,256 ,12025 ,10283 ,9500 ,4694 ,1887 ,3368 ,3993 ,12642 ,1283 ,340 ,1168 ,149286 ,2596 ,2463 ,0 ,39029 ,6449 ,84987 ,1663415 ,21309 ,106543 ,17151 ,1924996 ,2431707 ,1096138 ,835957 ,1178 ,131283 ,1083478 ,27862 ,4518 ,3875 ,2663512 ,22346 ,1134 ,7955 ,38286 ,101223 ,3474 ,1306 ,50879 ,9222 ,118886 ,14218 ,336 ,93747 ,1507 ,6992 ,100947 ,319108 ,401104 ,858881 ,4749 ,47860 ,15071 ,1333 ,0 ,3454 ,733956 ,5635 ,4188 ,0 ,154231 ,4557 ,1340791 ,2164 ,3280 ,1642 ,1161 ,780 ,9676222 ,1453 ,3673 ,279091 ,1049 ,31327 ,10645 ,0 ,217 ,5581 ,8286 ,41687 ,8430 ,344932 ,67193 ,14601 ,28669 ,5812 ,11578 ,11315 ,0 ,12820 ,448609 ,517232 ,594 ,967 ,2024041 ,79 ,0 ,80819 ,0 ,26231 ,5292 ,46173 ,20259 ,1506 ,9056 ,1870 ,59486 ,2855 ,781 ,339 ,2902 ,0 ,2661 ,374 ,177075 ,11819 ,339 ,15384 ,14916 ,8988 ,19639 ,19069 ,674 ,7866 ,51107 ,871 ,5949 ,3792 ,1376 ,28853 ,85185 ,1083 ,4637137 ,2391 ,4713 ,4096 ,0 ,285904 ,15510 ,1248 ,2897 ,6042 ,1198 ,35236 ,2472 ,0 ,11769 ,54632 ,261 ,178012 ,8024 ,137638 ,1463567 ,3874 ,74791 ,50120 ,448 ,9148 ,371674 ,414 ,6888 ,17395 ,6506 ,17888 ,86346 ,3073 ,97755 ,46431 ,2501 ,267 ,1883 ,914 ,0 ,1765 ,2259 ,595820 ,38415 ,3444 ,9497 ,5951 ,7844 ,33028 ,52438 ,45382 ,321190 ,112689 ,2810 ,3782 ,342629 ,1237007 ,0 ,760103 ,11498 ,7261 ,3517 ,4042 ,2399674 ,29422 ,699 ,17958 ,5244 ,120118 ,6006 ,1034 ,39672 ,66848 ,3810 ,52969 ,293188 ,1483 ,17069 ,0 ,15088 ,12469 ,69426 ,10162 ,6222 ,1785 ,16040 ,86594 ,1813 ,44808 ,103383 ,183351 ,307 ,307 ,2715 ,6366 ,40572 ,3751 ,946767 ,193 ,131151 ,768 ,134540 ,0 ,248444 ,1600 ,1107 ,10301 ,211488 ,8738 ,14688 ,5024 ,5024 ,175 ,1528 ,8672 ,3201 ,25008 ,66822 ,176843 ,1805 ,130355 ,13550034 ,1062 ,6265 ,193873 ,326202 ,2351 ,38327 ,29467 ,234920 ,60196 ,1944936 ,0 ,5231 ,684 ,21642 ,1804 ,237 ,2789 ,915 ,1228 ,9450 ,4326 ,1637 ,2921 ,5642 ,632533 ,6932 ,4431 ,91188 ,1374117 ,826998 ,1836 ,460209 ,4282 ,20755 ,0 ,5428 ,19983 ,4681 ,131 ,1875 ,101336 ,84004 ,424100 ,0 ,6493 ,956 ,10183 ,15269 ,84719 ,23053 ,30956 ,4509 ,1994 ,33465 ,0 ,70193 ,295463 ,4782 ,19360 ,96723 ,537 ,830762 ,1377 ,54428 ,660494 ,1991065 ,984 ,59218 ,3077 ,1315 ,38260 ,1061 ,9778 ,10992 ,54339 ,33983 ,479645 ,19875 ,2326 ,15475 ,34314 ,38326 ,6437 ,25953 ,392645 ,7331446 ,12836 ,5718 ,136658 ,0 ,2633 ,958 ,222273 ,8175 ,264867 ,3830 ,0 ,203955 ,14433 ,671 ,195672 ,1698 ,14862181 ,14657 ,196375 ,21620 ,5996 ,1338 ,143493 ,1462 ,2206 ,24664 ,174332 ,752356 ,30729 ,184362 ,14037 ,5590 ,2970 ,32089 ,1525 ,2949 ,8376 ,85 ,11641 ,11641 ,10237363 ,1225799 ,5384 ,5618 ,819676 ,3485738 ,394939 ,237 ,8344 ,19264 ,174000 ,3556 ,42860 ,1503 ,14949 ,143957 ,331 ,14361 ,8323 ,293319 ,0 ,5142 ,4741048 ,17442 ,447498 ,4271384 ,153192 ,57747 ,14457 ,0 ,275891 ,65 ,14727 ,2585 ,22411 ,1595 ,3984 ,1497 ,0 ,233139 ,16683 ,1516 ,19707 ,40315 ,1601208 ,10263 ,2427 ,1061 ,3896 ,1615 ,125897 ,4999 ,31715 ,39801 ,211750 ,559 ,1854195 ,4505 ,3447 ,531337933 ,0 ,20726 ,1013 ,5117 ,902138 ,1715 ,2674 ,4808 ,1009932 ,3769 ,3923 ,119 ,38689 ,558 ,9145 ,2517 ,1514 ,28980 ,921175 ,8190 ,135143 ,178719 ,2121 ,3337 ,29390 ,14727 ,0 ,2609 ,1482 ,69774 ,2355 ,0 ,6831 ,1711147 ,4257 ,49724 ,10870 ,3595 ,2706 ,0 ,2475 ,12411 ,985 ,41257 ,26864 ,2469 ,33544 ,50689 ,32355 ,793646 ,30903 ,3662 ,21424 ,3972 ,1467 ,18021 ,1077430 ,7674 ,182941 ,5801 ,538 ,1531023 ,3673 ,2360 ,567 ,24532 ,216826 ,112485 ,43756 ,7534 ,1394 ,13304 ,2663 ,0 ,8573 ,6315 ,11831 ,13661 ,25356 ,2109 ,1859 ,19031 ,87201 ,17484 ,6317 ,2803 ,30013 ,49838 ,42841353 ,3224058 ,8066116 ,44956 ,1425605 ,3805906 ,234083 ,385158 ,0 ,469064 ,5427 ,3613 ,75229 ,119078 ,2416 ,515 ,2017 ,5870 ,339 ,3858 ,1406084 ,162775 ,67312 ,115437 ,3099 ,2334 ,874139 ,620 ,56990 ,1683849 ,1075 ,12466 ,121886 ,299 ,10297 ,1806 ,41137 ,769 ,5885 ,31387 ,99409 ,37426 ,113179 ,723 ,246842 ,1117 ,30531 ,463 ,338 ,94311 ,1763263 ,0 ,263460 ,0 ,46 ,7659 ,1692 ,1933 ,5610 ,139188 ,56158 ,17799354 ,67259 ,27817 ,0 ,89072 ,24541 ,28088 ,8175 ,108770 ,30727 ,5023 ,31850 ,11218 ,31970 ,2061994 ,1751 ,809 ,95728 ,159222 ,325615 ,212218 ,4112 ,8671 ,3900 ,261028 ,736092 ,1949088 ,33451 ,874 ,247738 ,1000838 ,6873 ,113218 ,6874 ,259909 ,793323 ,14689 ,2251 ,1675 ,3407 ,269514 ,469752 ,13903 ,11532 ,1623667 ,60736 ,269081 ,156122 ,30803 ,201743 ,3181 ,1535 ,111460 ,9008228 ,2663 ,0 ,6397 ,339847 ,7291 ,1791903 ,22884 ,316765 ,252464 ,40989 ,2342 ,7297 ,6285 ,240337 ,5475 ,34464 ,778811 ,737 ,16556 ,7557 ,9344 ,99387 ,623 ,47955 ,67081 ,8849 ,4573488 ,7104852 ,17021 ,3156029 ,2493 ,110497 ,933 ,5560 ,7360 ,3266 ,0 ,649 ,1433627 ,12495 ,1218 ,72846 ,82162 ,323 ,416692 ,0 ,178 ,68999 ,31505 ,1293 ,59060 ,2338 ,4109 ,219369 ,65005 ,1502 ,2039154 ,27700 ,13530 ,2841 ,32919 ,81691 ,11474 ,9364 ,12255 ,172564 ,39856 ,2082 ,4996 ,5794 ,24676 ,23479 ,2668887 ,5315 ,22561 ,7155 ,431849 ,1375172104 ,5967 ,339 ,4510 ,4113 ,28686 ,1023 ,7761 ,1307 ,1273441 ,31383 ,34087 ,99661 ,0 ,79450 ,15562 ,875 ,1072 ,6072 ,6137 ,599928 ,170235 ,9262 ,7349 ,7179 ,30178 ,1008 ,339 ,1364 ,142202 ,759 ,426 ,1929 ,0 ,54033 ,27362 ,20520 ,25312 ,73402 ,91281 ,101926 ,46 ,4345 ,243689 ,4019 ,177013 ,58613 ,3811 ,783 ,2583 ,339 ,91110 ,1072 ,418 ,1391110 ,131035 ,0 ,0 ,225074 ,10856 ,119 ,0 ,0 ,1298 ,121161 ,128307 ,6384 ,8005 ,2302 ,1599 ,32151 ,190094 ,6834 ,1021 ,5145 ,3939 ,15235 ,6936 ,6295 ,181 ,22767 ,620827 ,1262 ,0 ,0 ,9610 ,295368 ,1675 ,899753 ,2169 ,29735 ,8314 ,11933 ,387 ,4927 ,3060 ,389284 ,99134 ,12655 ,23506 ,1155 ,219849 ,104747 ,2463 
2019-07-01,1816 ,5027 ,3068 ,2022 ,224 ,23632 ,41474 ,171 ,0 ,7118 ,5635 ,3941 ,94000 ,6351 ,8907 ,0 ,2928 ,786 ,4205 ,428300 ,64461 ,754 ,27772 ,33003 ,33678 ,72820 ,105687 ,174685 ,0 ,996 ,2099 ,13166 ,259321 ,4558 ,496 ,29991 ,291 ,364609 ,1072 ,0 ,1114 ,14674 ,0 ,13690 ,2274 ,52854 ,32461983 ,642 ,52128 ,34186 ,1068 ,422299 ,4091 ,2225 ,4283264 ,6046 ,9193 ,1876 ,32470 ,68910152 ,654731 ,2368 ,0 ,4019 ,14371 ,561612 ,324119 ,1616 ,16719 ,1800 ,23615 ,74394 ,1975643 ,10167 ,0 ,9589 ,8346 ,2786 ,43362 ,79872 ,13786 ,320 ,85977 ,0 ,7242 ,5211 ,523866 ,29304 ,1483 ,30689 ,286 ,271 ,14220 ,6912 ,1072 ,1221 ,2748712 ,576871 ,2295 ,1620 ,50694 ,0 ,22805 ,299 ,89240 ,72379 ,19325 ,333984 ,36679 ,4408 ,386867 ,56633 ,4463 ,2636 ,102028 ,4507 ,363374 ,1635849 ,77681 ,1021 ,653142 ,2564 ,108953 ,12640 ,3041 ,23645 ,208208 ,354102 ,3927 ,728 ,0 ,13688 ,10879 ,573227 ,2747 ,1157872 ,17111 ,4078 ,94891 ,171 ,1923 ,2989 ,85577 ,2332 ,630 ,5556 ,2351 ,7118447 ,28449 ,68705 ,80704 ,0 ,771 ,49980 ,127751 ,6526 ,477880 ,3923 ,3733 ,538250 ,1457 ,19933 ,31744 ,12521 ,2563 ,861955 ,1868 ,765022 ,3710 ,7728 ,1922 ,4628 ,10144 ,845 ,1081 ,1469 ,25879 ,69123 ,575694 ,4621 ,4129 ,3161161 ,56235 ,51891 ,1523 ,38242 ,20408 ,0 ,164570 ,249 ,1884 ,3999 ,14864 ,664 ,1919 ,53999 ,5764 ,53571 ,672 ,3454 ,346855 ,5393 ,159 ,1286 ,880598 ,54159 ,2992 ,11853 ,72948 ,2875 ,2439 ,25920 ,3787 ,67288 ,14844 ,46844 ,6101 ,3776 ,12528 ,54153 ,158164 ,571147 ,2945 ,177744 ,197573 ,5801 ,2387 ,7076 ,0 ,1912 ,3508 ,8073 ,574988 ,167933 ,8595 ,69068 ,4333 ,3380 ,62962 ,134759 ,1669928 ,619120 ,3581 ,23674 ,14855 ,761702 ,45657 ,687 ,0 ,45238 ,1595512 ,33890 ,3538 ,5406 ,15099 ,5147 ,198407 ,100991 ,91308 ,231 ,1963555 ,81721 ,1449 ,3570 ,687 ,171 ,1345 ,4072 ,191027 ,1397 ,687 ,5681 ,63233 ,29186 ,3927 ,10744 ,12515 ,138373 ,1909 ,2914 ,110144 ,2692 ,11226 ,42134 ,46109 ,1072 ,17314 ,4446 ,1697855 ,13507 ,1052 ,821029 ,60 ,0 ,2178 ,121913 ,9781 ,41668 ,539 ,687 ,2547 ,54357 ,42953 ,5733 ,123713 ,126528 ,3540 ,856 ,104567 ,42544 ,184 ,35814 ,483288 ,1848 ,11804 ,10089 ,10229 ,1434 ,7279 ,1767 ,297 ,20822 ,822 ,6164 ,0 ,135297 ,3441 ,2336 ,0 ,23803 ,5700 ,98119 ,1798260 ,44795 ,86421 ,13510 ,2015687 ,2380385 ,1068765 ,790028 ,412 ,127360 ,1085973 ,31870 ,370 ,9373 ,2667998 ,39544 ,687 ,5936 ,32329 ,84148 ,1334 ,4907 ,91317 ,2084 ,112647 ,11963 ,1149 ,98686 ,0 ,5870 ,109804 ,365822 ,369646 ,939400 ,5591 ,31274 ,15508 ,1001 ,0 ,3778 ,743811 ,9858 ,687 ,0 ,132500 ,7689 ,1243345 ,2482 ,1954 ,485 ,1121 ,4024 ,9947335 ,4715 ,3243 ,279395 ,238 ,28449 ,5136 ,0 ,300 ,6689 ,4454 ,27716 ,12534 ,391919 ,84444 ,22894 ,48163 ,7365 ,7379 ,35821 ,0 ,37487 ,427150 ,553969 ,400 ,1449 ,2448665 ,1277 ,4060 ,56717 ,0 ,29475 ,7437 ,36907 ,29130 ,1929 ,198 ,333 ,39664 ,1573 ,1568 ,0 ,17490 ,0 ,715 ,1349 ,167029 ,14240 ,2530 ,41949 ,11946 ,4414 ,24663 ,15915 ,0 ,6714 ,57136 ,1614 ,5482 ,560 ,2266 ,27306 ,123899 ,1655 ,4638349 ,3204 ,9597 ,2289 ,2230 ,308408 ,16269 ,179 ,159 ,19093 ,11596 ,34710 ,1402 ,0 ,19830 ,75139 ,0 ,204317 ,20386 ,106711 ,1479588 ,0 ,81314 ,27496 ,875 ,8617 ,453225 ,2153 ,18287 ,4239 ,4783 ,20386 ,78587 ,634 ,122535 ,51538 ,7226 ,325 ,251 ,0 ,0 ,2179 ,343 ,627433 ,50619 ,4033 ,16943 ,19376 ,8078 ,38722 ,45074 ,37917 ,337308 ,133438 ,3538 ,6594 ,341873 ,1253329 ,3340 ,743075 ,11706 ,6693 ,4046 ,7834 ,2671632 ,18444 ,0 ,15749 ,4204 ,45842 ,5241 ,0 ,30142 ,79606 ,5165 ,55879 ,289239 ,1995 ,27476 ,0 ,13840 ,33336 ,75780 ,7830 ,6200 ,1114 ,24459 ,72912 ,51 ,37286 ,107862 ,253567 ,0 ,0 ,2247 ,6820 ,45964 ,1574 ,899242 ,36 ,97355 ,1589 ,127835 ,0 ,491544 ,2102 ,6184 ,2762 ,230371 ,6171 ,14753 ,3795 ,3795 ,259 ,4511 ,4481 ,3081 ,24777 ,98487 ,219973 ,4025 ,172855 ,13438098 ,2613 ,3444 ,118924 ,400288 ,1254 ,35354 ,33618 ,257163 ,64854 ,2420166 ,0 ,829 ,1895 ,19341 ,3404 ,159 ,2248 ,0 ,1552 ,12576 ,5571 ,1377 ,3103 ,1878 ,625613 ,8227 ,2488 ,104126 ,1250310 ,834747 ,0 ,649281 ,0 ,38294 ,0 ,6957 ,45186 ,8216 ,1910 ,984 ,120325 ,76392 ,435199 ,0 ,4062 ,903 ,14852 ,13322 ,118646 ,16808 ,31569 ,3148 ,1456 ,26470 ,0 ,85590 ,246361 ,2722 ,12540 ,97485 ,2274 ,1260653 ,2874 ,56622 ,713857 ,1923675 ,60 ,58447 ,5033 ,2332 ,58720 ,0 ,9228 ,11527 ,58813 ,31705 ,650139 ,18833 ,2695 ,14752 ,36001 ,4596 ,6682 ,22653 ,433959 ,6007398 ,14394 ,6425 ,120382 ,0 ,960 ,1468 ,214602 ,3476 ,254768 ,1921 ,0 ,259682 ,18499 ,1457 ,185792 ,123 ,14710986 ,19904 ,190922 ,18011 ,4103 ,2565 ,163491 ,4199 ,2333 ,50704 ,168418 ,783425 ,20172 ,170856 ,7351 ,8546 ,8307 ,25063 ,1621 ,32782 ,11360 ,1942 ,21630 ,21630 ,9899045 ,1284946 ,1606 ,6076 ,955026 ,3396396 ,465232 ,588 ,6776 ,27025 ,182538 ,5563 ,42263 ,1301 ,19261 ,159494 ,2512 ,15731 ,9615 ,634405 ,0 ,3926 ,4845070 ,27264 ,292954 ,3700872 ,165072 ,60970 ,11156 ,466 ,249222 ,1634 ,17693 ,2857 ,6363 ,3538 ,578 ,531 ,12924 ,236763 ,13385 ,3676 ,9714 ,44903 ,1659408 ,6805 ,2547 ,687 ,2146 ,642 ,149613 ,5355 ,27095 ,53084 ,255738 ,477 ,1978105 ,7219 ,1541 ,542363885 ,0 ,22893 ,208 ,2400 ,916379 ,923 ,2957 ,5815 ,928948 ,2351 ,4028 ,687 ,29788 ,1534 ,9160 ,3947 ,968 ,25345 ,1002298 ,8652 ,153370 ,135396 ,0 ,2061 ,17894 ,23639 ,0 ,3764 ,385 ,82615 ,1706 ,45678 ,16709 ,1731908 ,4140 ,58211 ,6315 ,2639 ,904 ,4949 ,5073 ,8464 ,0 ,31943 ,34750 ,3512 ,25929 ,47900 ,23876 ,736235 ,32955 ,11169 ,7119 ,4314 ,2899 ,2577 ,1528745 ,2844 ,149685 ,1662 ,1089 ,1605274 ,6117 ,3085 ,138 ,21467 ,203674 ,46603 ,74212 ,7162 ,11970 ,7750 ,3781 ,227625 ,1569 ,10463 ,26140 ,13636 ,32132 ,2580 ,15819 ,25079 ,88810 ,3015 ,6999 ,190 ,41354 ,73474 ,42921277 ,3212070 ,8584524 ,46266 ,1494963 ,3946699 ,129880 ,675742 ,0 ,451509 ,8367 ,4814 ,73564 ,97192 ,9025 ,1965 ,5485 ,7654 ,6031 ,1186 ,1484088 ,113887 ,70887 ,130500 ,2458 ,1063 ,855923 ,5373 ,70509 ,1930545 ,1128 ,16403 ,136347 ,803 ,4580 ,1225 ,42311 ,0 ,7718 ,40811 ,132865 ,36091 ,97160 ,0 ,212172 ,1852 ,20991 ,523 ,939 ,88731 ,1798066 ,764 ,255842 ,0 ,209 ,5984 ,511 ,385 ,5524 ,161265 ,89822 ,9404715 ,74935 ,31672 ,0 ,79608 ,17740 ,25790 ,4412 ,122424 ,47254 ,12009 ,31606 ,6457 ,66384 ,2171736 ,6103 ,1458 ,101262 ,152326 ,335766 ,212240 ,1828 ,7863 ,2496 ,267997 ,526880 ,1893631 ,30358 ,1006 ,280437 ,994205 ,3807 ,123710 ,11276 ,248973 ,737673 ,1318 ,5698 ,3927 ,4129 ,301425 ,434209 ,11869 ,3587 ,1250111 ,65447 ,210886 ,60094 ,29937 ,219173 ,25512 ,2582 ,134067 ,9315930 ,3781 ,3271 ,5405 ,332510 ,5221 ,2372199 ,28838 ,259771 ,264235 ,40743 ,17306 ,2530 ,12177 ,223709 ,4735 ,71833 ,868718 ,791 ,17017 ,4534 ,15922 ,112907 ,47 ,30696 ,56452 ,6819 ,4250050 ,7505072 ,18088 ,3808041 ,721 ,131732 ,262 ,2512 ,687 ,10805 ,0 ,1633 ,1509780 ,10903 ,6236 ,53592 ,127665 ,1634 ,442441 ,167 ,2084 ,209751 ,24989 ,3615 ,55529 ,20570 ,24141 ,320520 ,57359 ,14604 ,2244533 ,19773 ,25863 ,3992 ,13920 ,96777 ,10135 ,4104 ,12711 ,215423 ,54542 ,3501 ,4575 ,7091 ,11375 ,10504 ,2818652 ,7034 ,26479 ,1679 ,381596 ,1380867885 ,8983 ,0 ,8967 ,2605 ,39434 ,2640 ,9381 ,1666 ,1668414 ,33535 ,30957 ,102721 ,0 ,91180 ,14440 ,64 ,1330 ,2644 ,5463 ,614178 ,170763 ,1316 ,10810 ,28021 ,41792 ,1326 ,3927 ,823 ,150702 ,1682 ,1559 ,627 ,0 ,40856 ,35888 ,11397 ,42761 ,45215 ,88369 ,134182 ,0 ,4129 ,226522 ,4993 ,149846 ,38203 ,206 ,3345 ,1430 ,1009 ,96653 ,2105 ,8850 ,892049 ,170071 ,4710 ,0 ,245322 ,6278 ,0 ,0 ,1072 ,0 ,98128 ,61159 ,16011 ,5844 ,2507 ,8464 ,47724 ,204516 ,3137 ,1145 ,1153 ,4132 ,15233 ,15545 ,2108 ,0 ,34112 ,606122 ,960 ,0 ,0 ,5417 ,321584 ,4129 ,1482115 ,687 ,30101 ,7575 ,14260 ,687 ,2915 ,3927 ,568274 ,89354 ,19187 ,15366 ,2565 ,210022 ,110616 ,340 
2019-08-01,467 ,0 ,311 ,4865 ,0 ,17391 ,22074 ,2766 ,0 ,6599 ,1769 ,0 ,87358 ,5248 ,7202 ,2609 ,277 ,0 ,14942 ,374384 ,45746 ,12965 ,19942 ,17859 ,13601 ,49019 ,69625 ,176936 ,0 ,2489 ,0 ,12512 ,243448 ,2974 ,666 ,31516 ,2476 ,390977 ,2587 ,34934 ,819 ,29039 ,696 ,11345 ,1242 ,27688 ,32846120 ,0 ,55417 ,38274 ,722 ,288422 ,2211 ,2298 ,4217851 ,18247 ,4744 ,465 ,26769 ,58181025 ,645860 ,2416 ,0 ,5174 ,12430 ,411333 ,272025 ,2291 ,7933 ,2027 ,13688 ,57319 ,2139588 ,1986 ,0 ,12600 ,6179 ,5707 ,47771 ,63194 ,24710 ,1499 ,61198 ,0 ,8150 ,5506 ,418475 ,10832 ,11644 ,16397 ,1327 ,1092 ,2052 ,1704 ,3344 ,807 ,2685780 ,313100 ,204 ,1673 ,37254 ,51 ,28086 ,1296 ,40205 ,55024 ,20115 ,150360 ,38747 ,3296 ,264260 ,25260 ,9930 ,3707 ,77574 ,4799 ,425184 ,2492658 ,39583 ,1021 ,568184 ,10314 ,61130 ,3674 ,1679 ,14318 ,193773 ,296900 ,10830 ,1281 ,0 ,5128 ,48807 ,506771 ,3611 ,1090349 ,15881 ,2515 ,72197 ,694 ,6349 ,0 ,67556 ,687 ,562 ,387 ,1649 ,6949785 ,23088 ,72639 ,98946 ,0 ,1750 ,36155 ,131561 ,6018 ,508514 ,3551 ,1024 ,484814 ,1281 ,18344 ,27440 ,7067 ,0 ,755278 ,7022 ,559919 ,333 ,4183 ,0 ,1880 ,5451 ,562 ,969 ,367 ,27023 ,26375 ,648600 ,1364 ,0 ,2518222 ,13961 ,36047 ,3798 ,36677 ,25200 ,15708 ,91783 ,1146 ,0 ,2839 ,7070 ,297 ,1759 ,17880 ,7435 ,53453 ,0 ,342 ,294244 ,1104 ,256 ,0 ,720714 ,30647 ,3344 ,1916 ,47504 ,6472 ,541 ,16625 ,2079 ,23251 ,10471 ,28525 ,3241 ,2219 ,10247 ,29779 ,183624 ,381023 ,2147 ,190963 ,136359 ,308 ,2015 ,8525 ,0 ,418 ,4560 ,4786 ,514536 ,106546 ,2919 ,30318 ,2645 ,2589 ,36124 ,81386 ,718314 ,579274 ,1735 ,16547 ,13877 ,697354 ,35291 ,5780 ,0 ,43303 ,1479240 ,32799 ,2905 ,0 ,16558 ,0 ,172431 ,118387 ,11597 ,3344 ,1744469 ,87337 ,516 ,342 ,0 ,365 ,1574 ,1154 ,189189 ,3206 ,2015 ,14768 ,43829 ,7960 ,703 ,4574 ,2648 ,134526 ,6390 ,0 ,94760 ,808 ,6901 ,42256 ,42836 ,2233 ,33508 ,1847 ,1078425 ,1554 ,2031 ,676649 ,0 ,0 ,481 ,103902 ,3349 ,20253 ,1522 ,6397 ,3062 ,41873 ,15016 ,3336 ,86431 ,106115 ,1597 ,712 ,86190 ,33059 ,0 ,31971 ,485491 ,1062 ,8802 ,11962 ,4133 ,3489 ,1218 ,1791 ,221 ,13187 ,0 ,7261 ,0 ,107692 ,475 ,2042 ,492 ,21151 ,4489 ,73573 ,1580248 ,17814 ,66787 ,13306 ,1721120 ,2221489 ,989695 ,944523 ,359 ,126569 ,1064910 ,28683 ,3518 ,15151 ,2354991 ,6815 ,0 ,5624 ,28009 ,83623 ,0 ,1107 ,70654 ,7341 ,108073 ,10702 ,239 ,91740 ,0 ,1439 ,67069 ,332205 ,266401 ,572575 ,9279 ,27533 ,7423 ,73 ,0 ,3491 ,671805 ,3108 ,0 ,168 ,147994 ,6720 ,1271718 ,3075 ,282 ,912 ,3214 ,2241 ,9738968 ,0 ,14864 ,317047 ,0 ,23088 ,6551 ,0 ,142 ,9340 ,9167 ,26560 ,3351 ,409691 ,63292 ,23881 ,29768 ,7503 ,1417 ,37735 ,433 ,39807 ,357821 ,355946 ,735 ,694 ,1561769 ,0 ,519 ,44497 ,0 ,32074 ,1918 ,34705 ,14973 ,997 ,2569 ,1372 ,28177 ,3571 ,0 ,0 ,22855 ,0 ,493 ,1092 ,92705 ,9738 ,433 ,23027 ,10388 ,6096 ,5699 ,30136 ,0 ,3464 ,58608 ,1231 ,1616 ,0 ,3317 ,18658 ,57572 ,40128 ,4686862 ,712 ,2351 ,1295 ,2490 ,244241 ,14491 ,1993 ,297 ,3256 ,11264 ,38810 ,1583 ,1281 ,4210 ,75865 ,0 ,124034 ,10554 ,112051 ,1470654 ,0 ,35637 ,16065 ,794 ,1037 ,310225 ,1242 ,4037 ,8404 ,24447 ,18975 ,34589 ,428 ,42449 ,29814 ,7140 ,0 ,133 ,0 ,0 ,286 ,1500 ,608309 ,44716 ,873 ,28934 ,9820 ,5268 ,44889 ,20292 ,46185 ,170652 ,129237 ,2416 ,4953 ,205951 ,934052 ,3493 ,636054 ,6464 ,4592 ,13201 ,4708 ,2223087 ,30357 ,0 ,19590 ,560 ,99472 ,2447 ,0 ,26822 ,60707 ,3632 ,81012 ,443219 ,308 ,15315 ,440 ,25155 ,3008 ,45204 ,4825 ,3762 ,5309 ,25107 ,83034 ,846 ,35862 ,94473 ,110142 ,447 ,447 ,0 ,2137 ,46571 ,1752 ,762814 ,492 ,96616 ,354 ,128290 ,433 ,216724 ,1207 ,1206 ,974 ,160760 ,2658 ,765 ,10003 ,10003 ,494 ,12287 ,18074 ,1340 ,40780 ,104067 ,248751 ,1824 ,458483 ,15285328 ,4053 ,4 ,121011 ,479601 ,2555 ,48658 ,15893 ,244262 ,45065 ,2351294 ,2431 ,4614 ,1598 ,18870 ,2299 ,0 ,391 ,0 ,2306 ,13363 ,6543 ,0 ,1107 ,1976 ,512331 ,2750 ,2125 ,89680 ,779065 ,671398 ,0 ,814352 ,0 ,32118 ,1589 ,1281 ,45826 ,7615 ,180 ,2365 ,114242 ,75200 ,364564 ,2127 ,6995 ,0 ,15384 ,15516 ,94275 ,7359 ,24316 ,696 ,0 ,22092 ,0 ,55738 ,265574 ,0 ,13712 ,104340 ,484 ,1177451 ,1036 ,31945 ,557217 ,1800614 ,739 ,50563 ,0 ,687 ,45818 ,0 ,4589 ,3702 ,39032 ,19050 ,541857 ,24457 ,1091 ,11607 ,17373 ,4350 ,3256 ,18664 ,601332 ,5374108 ,5481 ,5606 ,111414 ,0 ,2127 ,3194 ,237943 ,4081 ,157736 ,602 ,0 ,316521 ,10205 ,0 ,174621 ,2215 ,11809658 ,22929 ,90538 ,10613 ,4547 ,797 ,169611 ,4023 ,3215 ,46021 ,130474 ,524898 ,20297 ,168906 ,1974 ,5143 ,3734 ,12729 ,1238 ,1080 ,9301 ,2510 ,8852 ,8852 ,10411146 ,1156494 ,819 ,5794 ,493203 ,3292304 ,481178 ,0 ,15741 ,14579 ,164317 ,1460 ,34118 ,0 ,9525 ,111864 ,481 ,16924 ,7959 ,470927 ,0 ,6460 ,3655096 ,18484 ,203361 ,3017263 ,125828 ,29391 ,8806 ,119 ,248475 ,2848 ,5367 ,8839 ,3556 ,10351 ,604 ,881 ,28073 ,263024 ,11716 ,3344 ,13607 ,28288 ,1471739 ,7270 ,925 ,0 ,938 ,0 ,77511 ,6114 ,14882 ,55347 ,166157 ,0 ,1853109 ,6369 ,1973 ,539135972 ,942 ,11310 ,687 ,6673 ,584405 ,374 ,119 ,869 ,833629 ,4742 ,3550 ,0 ,28553 ,2138 ,8104 ,1447 ,743 ,20995 ,514637 ,6183 ,82256 ,194555 ,0 ,1469 ,6347 ,11162 ,0 ,3757 ,433 ,48780 ,0 ,56837 ,11806 ,1278319 ,4924 ,28369 ,3131 ,2581 ,0 ,6004 ,3598 ,9129 ,0 ,27416 ,13815 ,345 ,17255 ,43620 ,22151 ,680274 ,17131 ,5894 ,10025 ,1456 ,8169 ,24266 ,1388328 ,3212 ,105176 ,1216 ,284 ,1383619 ,2760 ,13767 ,190 ,17823 ,162850 ,38481 ,52898 ,18509 ,12173 ,10293 ,5090 ,331564 ,1281 ,7413 ,18550 ,24200 ,31476 ,346 ,1430 ,8689 ,70452 ,4396 ,666 ,384 ,16324 ,40356 ,42236126 ,3142554 ,7664828 ,38765 ,1433701 ,3354904 ,86665 ,650108 ,0 ,780986 ,2748 ,4410 ,71938 ,149689 ,6812 ,2566 ,1943 ,10222 ,1335 ,2303 ,1056506 ,114956 ,46405 ,142501 ,5023 ,201 ,844426 ,2930 ,68909 ,1729040 ,1539 ,16535 ,94627 ,2221 ,5003 ,320 ,37802 ,0 ,6128 ,19337 ,40188 ,23390 ,102037 ,0 ,119893 ,381 ,15999 ,6 ,384 ,58323 ,1798491 ,135 ,277444 ,5802 ,0 ,4223 ,175 ,0 ,2667 ,153892 ,73264 ,8078258 ,139517 ,23954 ,0 ,67112 ,14052 ,16956 ,4473 ,129308 ,20561 ,4540 ,14588 ,6800 ,28469 ,2328989 ,3036 ,0 ,65628 ,99443 ,346661 ,129340 ,1669 ,3935 ,2767 ,170457 ,559872 ,1606021 ,25500 ,2317 ,221559 ,935898 ,5396 ,82411 ,18414 ,216698 ,720410 ,522 ,7419 ,2431 ,2655 ,278358 ,276566 ,15799 ,11917 ,612242 ,89859 ,202357 ,154680 ,20542 ,208619 ,4715 ,40 ,96762 ,9311204 ,5090 ,4280 ,5420 ,322416 ,10692 ,3085390 ,14820 ,107433 ,190053 ,69353 ,15210 ,1331 ,5877 ,224167 ,785 ,69841 ,614038 ,1768 ,21349 ,3838 ,3516 ,93374 ,528 ,22022 ,37132 ,10744 ,4179525 ,4916530 ,9629 ,2652844 ,0 ,102215 ,0 ,8089 ,664 ,4764 ,3368 ,523 ,1308655 ,13913 ,10870 ,47455 ,100690 ,1374 ,355066 ,1535 ,433 ,369686 ,24867 ,0 ,50561 ,1399 ,6378 ,771195 ,63128 ,2715 ,1854838 ,47578 ,23082 ,2462 ,23530 ,53272 ,6953 ,5081 ,21739 ,143458 ,40445 ,3078 ,2015 ,7931 ,8960 ,6760 ,1917394 ,2650 ,14702 ,4595 ,150046 ,1211942258 ,4047 ,0 ,27972 ,3442 ,42699 ,1495 ,4209 ,1027 ,985485 ,21151 ,21043 ,88097 ,0 ,66555 ,6622 ,0 ,1076 ,903 ,4573 ,621886 ,175365 ,5735 ,2729 ,22172 ,51456 ,1195 ,3205 ,770 ,151542 ,2111 ,14876 ,2259 ,0 ,101580 ,41141 ,15330 ,35894 ,42170 ,49034 ,146622 ,0 ,184 ,138580 ,5620 ,159422 ,40637 ,1148 ,3718 ,2430 ,0 ,106520 ,1497 ,4334 ,831632 ,211649 ,5573 ,1519 ,190779 ,2474 ,0 ,1037 ,1281 ,0 ,100354 ,31037 ,14834 ,3616 ,0 ,4914 ,50030 ,188824 ,253 ,0 ,199 ,9684 ,13875 ,3980 ,1660 ,0 ,41232 ,579933 ,1107 ,1804 ,1804 ,6411 ,268922 ,0 ,1313234 ,854 ,22725 ,3515 ,23765 ,0 ,2036 ,2088 ,393984 ,55672 ,13490 ,16022 ,4819 ,228084 ,101176 ,184 
2019-09-01,6587 ,0 ,340 ,0 ,0 ,34008 ,13423 ,3507 ,374 ,3265 ,2216 ,0 ,74736 ,12828 ,2442 ,3701 ,1885 ,0 ,237 ,378368 ,28750 ,3001 ,29278 ,10034 ,17231 ,51403 ,57290 ,143004 ,3021 ,149 ,0 ,2922 ,166077 ,4352 ,242 ,22361 ,0 ,287194 ,2098 ,19146 ,372 ,25945 ,2026 ,5366 ,1284 ,22109 ,29271138 ,0 ,43763 ,67172 ,385 ,204500 ,13926 ,3803 ,4051577 ,16873 ,6513 ,911 ,16925 ,53450817 ,616769 ,4363 ,0 ,3157 ,22071 ,271521 ,225639 ,2156 ,3518 ,1590 ,23886 ,59108 ,2478015 ,5753 ,0 ,4238 ,1442 ,3288 ,61201 ,64477 ,29519 ,224 ,51952 ,0 ,2606 ,3180 ,301017 ,13277 ,6751 ,5976 ,1190 ,1672 ,1117 ,3800 ,716 ,709 ,3080156 ,230769 ,325 ,135 ,8916 ,37 ,38000 ,189 ,50132 ,68500 ,4425 ,106793 ,34758 ,2376 ,315173 ,25586 ,3307 ,2778 ,122613 ,5001 ,430953 ,2904362 ,31637 ,764 ,474077 ,10172 ,101412 ,4699 ,361 ,7309 ,140332 ,327029 ,3204 ,4176 ,0 ,4725 ,7171 ,427575 ,9556 ,1215764 ,17883 ,20137 ,59425 ,0 ,2739 ,0 ,62357 ,3414 ,957 ,3668 ,6616 ,6607900 ,34697 ,105706 ,57537 ,0 ,738 ,25960 ,116397 ,4351 ,577940 ,8311 ,1626 ,514643 ,1369 ,45948 ,29939 ,13091 ,0 ,601685 ,987 ,478454 ,0 ,6375 ,0 ,2883 ,5091 ,445 ,2617 ,161 ,25578 ,27436 ,627267 ,3049 ,0 ,2373046 ,27473 ,17469 ,1876 ,30108 ,17145 ,634 ,85580 ,2522 ,0 ,1028 ,8382 ,96 ,1950 ,11716 ,4631 ,44737 ,0 ,372 ,258833 ,1501 ,1826 ,0 ,700200 ,23391 ,1433 ,1550 ,44386 ,799 ,1789 ,18113 ,5085 ,17152 ,12148 ,10729 ,5506 ,91 ,7769 ,12997 ,209144 ,320254 ,2055 ,161391 ,109671 ,9231 ,0 ,2968 ,0 ,764 ,11498 ,0 ,532050 ,109629 ,3743 ,17849 ,851 ,4897 ,22427 ,56399 ,1288346 ,547351 ,1875 ,12604 ,18142 ,574348 ,21785 ,0 ,0 ,39961 ,1594486 ,26643 ,0 ,0 ,17521 ,0 ,104107 ,140947 ,6928 ,374 ,1707132 ,30999 ,0 ,1285 ,0 ,620 ,279 ,1047 ,79328 ,1369 ,0 ,5055 ,50426 ,3603 ,2383 ,4292 ,4297 ,133127 ,6570 ,0 ,111298 ,7651 ,15939 ,133461 ,20147 ,1380 ,21164 ,4619 ,1043850 ,1914 ,2464 ,659534 ,0 ,2008 ,389 ,86696 ,6623 ,17742 ,3315 ,2058 ,620 ,57011 ,10088 ,3084 ,57269 ,82038 ,300 ,0 ,93308 ,23275 ,0 ,33900 ,558062 ,1055 ,8832 ,4049 ,5136 ,6277 ,0 ,868 ,415 ,16396 ,0 ,0 ,0 ,95667 ,3428 ,2499 ,606 ,18540 ,712 ,55203 ,1595100 ,30062 ,90544 ,7433 ,1810884 ,2237993 ,951464 ,1020942 ,750 ,111222 ,1024607 ,43363 ,1115 ,5273 ,2291163 ,0 ,198 ,2054 ,48592 ,52296 ,0 ,0 ,93079 ,1369 ,90099 ,18715 ,0 ,59644 ,0 ,996 ,109437 ,375765 ,237666 ,534677 ,11727 ,25697 ,9278 ,0 ,0 ,476 ,651077 ,4586 ,0 ,0 ,157863 ,743 ,1286211 ,2442 ,1315 ,0 ,137 ,553 ,10900874 ,0 ,23149 ,342868 ,0 ,34697 ,3166 ,0 ,0 ,15125 ,3583 ,10031 ,464 ,381372 ,54037 ,9762 ,19865 ,2403 ,5391 ,24691 ,1934 ,38757 ,282588 ,274007 ,0 ,0 ,1348670 ,0 ,174 ,33010 ,0 ,24556 ,3735 ,33342 ,11482 ,0 ,623 ,514 ,8645 ,4209 ,0 ,0 ,3588 ,0 ,0 ,564 ,83855 ,8887 ,1369 ,11580 ,2437 ,12081 ,6264 ,15405 ,0 ,1315 ,24274 ,809 ,2149 ,0 ,1824 ,5046 ,74972 ,48909 ,4557706 ,677 ,1209 ,583 ,2436 ,193617 ,17892 ,374 ,348 ,6019 ,1919 ,24258 ,1115 ,1461 ,4349 ,82081 ,1438 ,146760 ,5067 ,119199 ,1636149 ,1200 ,21703 ,21215 ,536 ,1083 ,244234 ,209 ,4571 ,2186 ,17396 ,27588 ,28718 ,0 ,37156 ,26285 ,7075 ,0 ,396 ,374 ,0 ,0 ,1363 ,512792 ,34039 ,0 ,34780 ,6812 ,7750 ,24356 ,16014 ,21381 ,120846 ,121925 ,1396 ,4310 ,125009 ,834085 ,5840 ,471085 ,9230 ,8462 ,0 ,5576 ,2261855 ,33510 ,0 ,9599 ,2168 ,75968 ,4651 ,0 ,24766 ,29131 ,2705 ,56110 ,415636 ,0 ,11854 ,176 ,17486 ,176 ,33316 ,3528 ,3969 ,6360 ,21613 ,87018 ,1895 ,29069 ,86905 ,93771 ,164 ,164 ,0 ,2401 ,52945 ,4243 ,642289 ,2217 ,133033 ,489 ,140222 ,374 ,172680 ,648 ,956 ,1547 ,78627 ,1713 ,837 ,1384 ,1384 ,0 ,2592 ,9115 ,0 ,37425 ,50434 ,314451 ,26694 ,81107 ,17332417 ,356 ,383 ,183497 ,444502 ,11695 ,26607 ,52681 ,240938 ,53779 ,1795207 ,2283 ,7009 ,4659 ,14221 ,1119 ,0 ,0 ,0 ,1012 ,8284 ,6684 ,0 ,0 ,1985 ,481110 ,380 ,1809 ,123892 ,731494 ,602785 ,0 ,1076985 ,88 ,25944 ,114 ,3015 ,9676 ,27839 ,0 ,0 ,55382 ,98403 ,349901 ,1129 ,6727 ,0 ,15843 ,19936 ,118934 ,8788 ,9460 ,2093 ,0 ,24085 ,2943 ,39576 ,233526 ,3607 ,12897 ,101597 ,1075 ,1160336 ,338 ,12583 ,476057 ,1781588 ,133 ,31900 ,0 ,3414 ,29796 ,0 ,2123 ,17166 ,15707 ,14104 ,371116 ,18004 ,1369 ,3110 ,14472 ,2608 ,3949 ,18734 ,383165 ,3979793 ,3744 ,4718 ,104202 ,0 ,890 ,3549 ,215873 ,1842 ,136106 ,305 ,160 ,256423 ,8813 ,0 ,145339 ,396 ,8440077 ,7883 ,66511 ,4511 ,8750 ,3000 ,138386 ,1596 ,2517 ,22024 ,106840 ,585688 ,10468 ,159507 ,4902 ,4711 ,2319 ,11212 ,0 ,164 ,12435 ,3094 ,1640 ,1640 ,8630489 ,1045042 ,0 ,5098 ,545344 ,3138395 ,480933 ,0 ,16671 ,5663 ,167177 ,2194 ,19766 ,0 ,5704 ,85115 ,0 ,19626 ,14234 ,482095 ,0 ,4826 ,2994527 ,6854 ,188762 ,2304032 ,103890 ,15152 ,9802 ,482 ,248091 ,3566 ,6499 ,1071 ,5634 ,4887 ,0 ,766 ,38841 ,320342 ,12212 ,1369 ,10132 ,9669 ,1553105 ,3925 ,2242 ,0 ,337 ,0 ,42997 ,5146 ,13971 ,52889 ,113773 ,0 ,1884395 ,8813 ,15877 ,484656915 ,1332 ,16120 ,1634 ,6924 ,543484 ,0 ,601 ,1001 ,782355 ,1345 ,3729 ,0 ,24291 ,1801 ,4062 ,714 ,2250 ,24976 ,395824 ,6799 ,36547 ,282718 ,0 ,2797 ,4940 ,7322 ,0 ,3704 ,1074 ,27093 ,0 ,43434 ,12080 ,1126751 ,4363 ,17820 ,7208 ,3744 ,0 ,1584 ,2534 ,10673 ,719 ,12758 ,17333 ,323 ,11437 ,58798 ,34881 ,678241 ,14229 ,10592 ,9905 ,5606 ,950 ,24444 ,1322720 ,8240 ,111201 ,0 ,886 ,1384269 ,3078 ,107 ,318 ,21366 ,145491 ,31475 ,34228 ,14885 ,9177 ,11489 ,13458 ,238947 ,374 ,7694 ,11996 ,12062 ,34509 ,226 ,5539 ,1985 ,105256 ,18267 ,945 ,0 ,20761 ,45754 ,42166232 ,3147238 ,7430951 ,40518 ,1656086 ,3142981 ,90784 ,655058 ,684 ,915318 ,2252 ,0 ,82522 ,162090 ,4597 ,971 ,4350 ,3613 ,408 ,1543 ,1016911 ,183628 ,27219 ,116082 ,2987 ,1549 ,814052 ,3605 ,63385 ,1755102 ,1271 ,9159 ,79667 ,5129 ,1627 ,0 ,20696 ,0 ,365 ,7861 ,66210 ,23025 ,45539 ,0 ,76471 ,0 ,9437 ,0 ,0 ,59288 ,2865380 ,7484 ,243133 ,737 ,0 ,3733 ,1549 ,0 ,1239 ,78589 ,75103 ,7585139 ,132253 ,52003 ,454 ,53407 ,7460 ,12958 ,2554 ,114937 ,18086 ,7077 ,7396 ,4646 ,18043 ,1555380 ,1145 ,0 ,83631 ,75582 ,335195 ,89615 ,4272 ,1533 ,4856 ,221242 ,648260 ,1786512 ,20460 ,2372 ,173470 ,904861 ,6169 ,62761 ,5093 ,176539 ,667644 ,319 ,1536 ,456 ,684 ,148505 ,361589 ,11780 ,5740 ,442073 ,109617 ,139020 ,152176 ,22655 ,181123 ,21574 ,3171 ,77547 ,10349043 ,13458 ,952 ,3396 ,276959 ,22607 ,3235550 ,7578 ,67710 ,179100 ,56471 ,3198 ,2272 ,3935 ,207023 ,1717 ,35140 ,658151 ,0 ,27328 ,240 ,1649 ,108883 ,1218 ,84094 ,39482 ,0 ,4143874 ,4223961 ,3861 ,2260962 ,0 ,75245 ,0 ,4331 ,389 ,6488 ,13570 ,207 ,1263871 ,17465 ,174 ,36195 ,48274 ,3361 ,372622 ,544 ,374 ,419378 ,23088 ,0 ,41489 ,932 ,4580 ,1234408 ,53070 ,0 ,1846369 ,59532 ,12052 ,954 ,24119 ,46742 ,7859 ,5431 ,19012 ,110189 ,32105 ,1641 ,0 ,6020 ,24002 ,19810 ,1914906 ,2446 ,11999 ,2602 ,157354 ,1207134621 ,5938 ,0 ,19318 ,2082 ,36539 ,1921 ,2381 ,1596 ,824963 ,17471 ,26304 ,79234 ,0 ,40537 ,7066 ,0 ,996 ,4276 ,2871 ,608725 ,148411 ,768 ,1202 ,7371 ,52686 ,1102 ,2943 ,2543 ,171440 ,90 ,11256 ,0 ,3710 ,117916 ,67862 ,16029 ,20608 ,36228 ,38471 ,136565 ,12106 ,323 ,142944 ,1574 ,164938 ,40457 ,1486 ,3097 ,1202 ,0 ,173150 ,342 ,1047 ,558321 ,195311 ,6919 ,1686 ,213877 ,957 ,408 ,309 ,0 ,489 ,88170 ,66673 ,23946 ,875 ,0 ,5562 ,44720 ,186141 ,0 ,0 ,1830 ,6272 ,8339 ,2878 ,1042 ,646 ,28455 ,468267 ,0 ,0 ,0 ,3002 ,249288 ,0 ,1200886 ,1369 ,26859 ,6790 ,18164 ,0 ,374 ,0 ,433622 ,35043 ,16969 ,21767 ,164 ,222867 ,86200 ,340 
2019-10-01,47653 ,0 ,1991 ,0 ,185 ,127071 ,21484 ,2935 ,0 ,465 ,1408 ,2355 ,55966 ,8795 ,5359 ,7316 ,6058 ,1360 ,4313 ,438251 ,53124 ,43044 ,56108 ,40897 ,17618 ,74846 ,100632 ,177887 ,0 ,0 ,0 ,8399 ,246241 ,25165 ,1527 ,31074 ,0 ,342868 ,4815 ,23349 ,1209 ,34671 ,1849 ,9547 ,1185 ,96025 ,35963481 ,15920 ,59675 ,81283 ,437 ,310044 ,2950 ,3048 ,4280706 ,20008 ,5688 ,2328 ,13686 ,70025123 ,932395 ,9608 ,0 ,336 ,20836 ,370931 ,244331 ,3171 ,3358 ,1824 ,52155 ,38599 ,2145867 ,8072 ,0 ,8542 ,0 ,119 ,57820 ,52783 ,6559 ,4708 ,84419 ,0 ,9759 ,1746 ,490658 ,27052 ,3432 ,57792 ,5263 ,0 ,2964 ,2070 ,2460 ,1352 ,3561103 ,497720 ,278 ,751 ,50364 ,0 ,38776 ,3995 ,77248 ,107788 ,4059 ,371787 ,33838 ,1921 ,419703 ,39524 ,4682 ,12255 ,145523 ,4998 ,475408 ,2889565 ,92273 ,3554 ,497973 ,5088 ,41746 ,6335 ,242 ,11035 ,156031 ,368467 ,1519 ,0 ,0 ,2455 ,6769 ,505199 ,14817 ,1408442 ,34064 ,5175 ,84324 ,0 ,3065 ,0 ,155427 ,1388 ,666 ,12057 ,3841 ,7080071 ,45513 ,99380 ,61260 ,156648 ,1794 ,28714 ,137223 ,15095 ,583347 ,8012 ,782 ,510915 ,2283 ,68011 ,28169 ,17329 ,0 ,679076 ,408 ,625047 ,0 ,9925 ,0 ,1065 ,4081 ,783 ,1624 ,1335 ,33403 ,84894 ,605153 ,4932 ,2851 ,2615589 ,19595 ,45887 ,3888 ,33087 ,17620 ,5117 ,168297 ,2683 ,0 ,1248 ,8752 ,371 ,1221 ,78967 ,4801 ,30283 ,0 ,0 ,294518 ,4046 ,1428 ,0 ,827644 ,39091 ,936 ,4472 ,63893 ,269 ,5329 ,22845 ,3719 ,21371 ,23922 ,43906 ,8986 ,8964 ,20039 ,54683 ,195505 ,487122 ,1474 ,234765 ,216165 ,2546 ,0 ,2916 ,0 ,3377 ,11301 ,0 ,537329 ,97132 ,1674 ,80011 ,451 ,3824 ,89532 ,93613 ,1846222 ,584085 ,506 ,10545 ,19359 ,759879 ,25181 ,0 ,0 ,50314 ,1607757 ,79706 ,0 ,0 ,20555 ,2692 ,191560 ,163794 ,2410 ,6573 ,1863362 ,60225 ,0 ,0 ,0 ,537 ,992 ,1186 ,162563 ,761 ,0 ,8271 ,39630 ,10669 ,822 ,10821 ,3286 ,160620 ,3096 ,256 ,100884 ,2070 ,13788 ,144014 ,2258 ,567 ,15351 ,3443 ,2069153 ,5285 ,4794 ,767770 ,3738 ,0 ,178 ,93364 ,4617 ,18053 ,7563 ,541 ,1609 ,69560 ,58548 ,3077 ,92330 ,113835 ,1656 ,0 ,103359 ,31767 ,0 ,31267 ,720920 ,1371 ,7356 ,13375 ,7520 ,7139 ,0 ,350 ,583 ,11392 ,0 ,0 ,0 ,74420 ,8624 ,1178 ,959 ,44166 ,7098 ,70064 ,2042042 ,56552 ,79891 ,7855 ,2129621 ,2126602 ,1033077 ,923647 ,3554 ,112491 ,1576698 ,27624 ,5771 ,6662 ,2673323 ,0 ,903 ,3841 ,53266 ,99795 ,847 ,0 ,187557 ,2966 ,129619 ,13646 ,0 ,71291 ,0 ,237 ,121497 ,553873 ,401948 ,1071785 ,7558 ,12623 ,8208 ,0 ,0 ,3857 ,717654 ,8262 ,0 ,0 ,188139 ,6879 ,1322679 ,303 ,1294 ,0 ,711 ,326 ,11947389 ,2065 ,15030 ,490016 ,0 ,45513 ,5056 ,0 ,0 ,3409 ,5218 ,36940 ,3503 ,324680 ,85005 ,14197 ,26960 ,4829 ,7570 ,18584 ,3808 ,47370 ,396040 ,310289 ,0 ,0 ,2721022 ,0 ,5757 ,39092 ,1193 ,28904 ,6773 ,51933 ,29675 ,0 ,4388 ,0 ,52752 ,6171 ,0 ,0 ,2141 ,0 ,0 ,789 ,129571 ,3905 ,0 ,38860 ,5451 ,18254 ,4380 ,6800 ,0 ,21894 ,29836 ,1444 ,2421 ,0 ,4017 ,15828 ,61087 ,16082 ,4898417 ,9209 ,5963 ,8601 ,1868 ,318540 ,13067 ,0 ,251 ,4283 ,14370 ,44019 ,6966 ,2196 ,3491 ,87866 ,67 ,172934 ,10039 ,100420 ,1828463 ,1406 ,98602 ,26385 ,631 ,6843 ,357732 ,1103 ,8559 ,8584 ,12074 ,23450 ,72444 ,0 ,36446 ,35859 ,2614 ,48 ,0 ,472 ,0 ,0 ,1909 ,539031 ,50736 ,0 ,16835 ,30669 ,8001 ,26548 ,28083 ,49496 ,173019 ,122056 ,929 ,1398 ,411737 ,1245214 ,2783 ,510007 ,20522 ,4432 ,0 ,5917 ,2575714 ,34703 ,1191 ,11738 ,2217 ,125411 ,8735 ,0 ,17565 ,49785 ,6258 ,50681 ,425882 ,0 ,18511 ,3259 ,18767 ,11656 ,45488 ,20899 ,3803 ,6841 ,27288 ,103198 ,241 ,43133 ,118786 ,224102 ,1001 ,1001 ,1512 ,3508 ,42275 ,2283 ,609434 ,2291 ,105392 ,470 ,145700 ,0 ,402391 ,352 ,3034 ,3468 ,248551 ,12813 ,2269 ,10910 ,10910 ,0 ,2799 ,3830 ,0 ,34951 ,60996 ,407011 ,2121 ,63271 ,17809362 ,5383 ,4016 ,170214 ,325092 ,217 ,81090 ,22188 ,389776 ,92848 ,2012091 ,2138 ,15575 ,1648 ,27442 ,774 ,155 ,0 ,1466 ,3413 ,36529 ,3503 ,13340 ,0 ,3759 ,502424 ,11052 ,1981 ,96625 ,1132395 ,741561 ,0 ,1131283 ,0 ,26877 ,988 ,0 ,15573 ,6473 ,0 ,0 ,21536 ,90780 ,507903 ,437 ,3835 ,0 ,14520 ,18304 ,204757 ,13555 ,34820 ,5655 ,0 ,24290 ,36344 ,137612 ,249191 ,1280 ,3168 ,101044 ,870 ,1156693 ,690 ,10353 ,725714 ,1599671 ,0 ,26660 ,0 ,1388 ,23604 ,0 ,61493 ,16926 ,98598 ,48006 ,445794 ,21732 ,446 ,14340 ,14573 ,15988 ,17488 ,28883 ,476698 ,6816759 ,46022 ,5338 ,119906 ,0 ,841 ,16279 ,225035 ,4032 ,240800 ,249 ,0 ,318827 ,17176 ,1997 ,176611 ,465 ,15761392 ,34330 ,158366 ,27415 ,37979 ,1696 ,175694 ,28367 ,1320 ,20920 ,134875 ,988343 ,11670 ,172774 ,5948 ,10963 ,5571 ,8754 ,0 ,3134 ,13921 ,1421 ,3594 ,3594 ,7730559 ,1293319 ,0 ,5761 ,2800901 ,3401138 ,517269 ,0 ,19239 ,25099 ,162606 ,24535 ,27595 ,0 ,16750 ,226623 ,0 ,21129 ,10343 ,373600 ,0 ,8382 ,3808701 ,27312 ,212659 ,3592546 ,170885 ,33451 ,7463 ,585 ,249407 ,841 ,8407 ,432 ,4297 ,9679 ,0 ,1558 ,31570 ,282632 ,21991 ,8397 ,26824 ,38523 ,1753064 ,7199 ,2022 ,0 ,1469 ,0 ,156795 ,7377 ,44173 ,57961 ,168705 ,0 ,1918715 ,3306 ,8831 ,578172139 ,628 ,18567 ,178 ,35101 ,766408 ,0 ,890 ,434 ,791551 ,1222 ,3567 ,0 ,37868 ,3921 ,3627 ,0 ,2196 ,27099 ,769170 ,10344 ,108612 ,366381 ,0 ,4446 ,19403 ,4243 ,0 ,5975 ,5134 ,57663 ,1481 ,64630 ,13510 ,1673674 ,1787 ,20796 ,15690 ,11332 ,368 ,1597 ,2458 ,3070 ,2925 ,21626 ,22901 ,1804 ,14881 ,53171 ,21423 ,709493 ,19896 ,1523 ,13741 ,6367 ,13437 ,13909 ,1238315 ,49380 ,198581 ,0 ,861 ,1607549 ,4148 ,0 ,674 ,10330 ,198940 ,20888 ,66115 ,13599 ,157 ,7901 ,32921 ,388606 ,936 ,36908 ,22517 ,12386 ,28519 ,268 ,2808 ,14270 ,86255 ,13121 ,2650 ,0 ,21149 ,31437 ,42458886 ,3201675 ,7997368 ,73608 ,1699257 ,4092183 ,103908 ,772886 ,61390 ,886968 ,15472 ,0 ,88115 ,214563 ,6300 ,268 ,1482 ,10393 ,6039 ,2314 ,1414414 ,175026 ,54216 ,126936 ,3772 ,3539 ,893114 ,6150 ,72032 ,1891668 ,0 ,11631 ,113222 ,4079 ,5559 ,0 ,15862 ,16 ,1881 ,66030 ,311929 ,37930 ,73300 ,0 ,158206 ,0 ,8963 ,0 ,0 ,61426 ,4112204 ,6068 ,276169 ,12691 ,0 ,9516 ,1493 ,379 ,1325 ,113396 ,123465 ,9076922 ,71723 ,36682 ,0 ,73456 ,13056 ,26811 ,3504 ,122131 ,33529 ,6586 ,35741 ,18594 ,21670 ,1404764 ,33086 ,0 ,79288 ,229940 ,460329 ,211295 ,3572 ,2978 ,4574 ,315207 ,621768 ,1846581 ,26679 ,4106 ,276888 ,997093 ,3224 ,112124 ,17461 ,230815 ,656237 ,2290 ,2272 ,3219 ,760 ,91588 ,669733 ,20938 ,3503 ,321861 ,58734 ,174204 ,142129 ,26634 ,206236 ,1408 ,811 ,121005 ,11152282 ,32921 ,2553 ,16369 ,276349 ,3094 ,3372014 ,18282 ,143536 ,166316 ,58902 ,13721 ,17953 ,3465 ,300014 ,802 ,58533 ,763053 ,0 ,25472 ,437 ,5098 ,125428 ,823 ,71969 ,47092 ,0 ,4231135 ,6057055 ,3759 ,3931965 ,2290 ,114850 ,0 ,4660 ,2369 ,16339 ,16056 ,109 ,1232611 ,20132 ,980 ,64858 ,242545 ,3375 ,413400 ,0 ,1519 ,331466 ,34074 ,936 ,46480 ,542 ,4288 ,1535049 ,76864 ,0 ,2009821 ,14784 ,33216 ,1809 ,25676 ,52351 ,9287 ,23100 ,20609 ,124223 ,29326 ,1851 ,0 ,18102 ,65065 ,38033 ,2859516 ,5515 ,28703 ,641 ,407404 ,1361393626 ,11894 ,760 ,7865 ,5320 ,34416 ,818 ,1654 ,478 ,1715844 ,33223 ,36535 ,80318 ,0 ,66552 ,6997 ,0 ,0 ,35816 ,4393 ,647985 ,203288 ,553 ,702 ,21712 ,50262 ,2059 ,472 ,8710 ,177045 ,0 ,7527 ,0 ,7044 ,96809 ,76890 ,13412 ,39290 ,72129 ,64350 ,108979 ,2457 ,6201 ,333181 ,8200 ,205499 ,30115 ,1008 ,5236 ,411 ,0 ,184338 ,0 ,557 ,770975 ,233101 ,7392 ,0 ,225231 ,888 ,1519 ,200 ,0 ,155 ,123535 ,39197 ,7348 ,14060 ,1167 ,4420 ,43954 ,194439 ,0 ,0 ,2322 ,14469 ,14161 ,8722 ,3533 ,349 ,50879 ,471524 ,0 ,0 ,0 ,3631 ,320097 ,0 ,1472523 ,8214 ,23572 ,9773 ,20531 ,0 ,0 ,0 ,430823 ,133991 ,16494 ,57541 ,2172 ,209754 ,107339 ,1365 
2019-11-01,87982 ,1072 ,502 ,0 ,42 ,81462 ,23795 ,3759 ,0 ,7507 ,3708 ,1443 ,56961 ,4529 ,15656 ,6158 ,853 ,768 ,944 ,405417 ,68291 ,29204 ,78801 ,43089 ,24623 ,61893 ,118220 ,187434 ,0 ,0 ,0 ,7151 ,253519 ,26466 ,5145 ,31717 ,0 ,351435 ,6420 ,45029 ,3542 ,12884 ,1084 ,11716 ,10192 ,99058 ,43871059 ,30766 ,83124 ,72163 ,1731 ,419509 ,2589 ,0 ,4248279 ,19348 ,10064 ,21894 ,24666 ,66473149 ,791581 ,15996 ,118 ,410 ,21999 ,247563 ,233705 ,2811 ,9619 ,1165 ,191452 ,50743 ,2238548 ,24366 ,273 ,6738 ,0 ,1698 ,60066 ,75263 ,13684 ,1105 ,93268 ,0 ,3002 ,3187 ,511914 ,28555 ,10001 ,21366 ,2229 ,0 ,1384 ,1870 ,4912 ,1437 ,3738572 ,570278 ,2078 ,0 ,46136 ,0 ,36669 ,11274 ,80019 ,111030 ,11211 ,440477 ,24998 ,1822 ,354184 ,49979 ,4750 ,18763 ,205539 ,939 ,452432 ,2009173 ,65777 ,8325 ,536884 ,5625 ,71259 ,3045 ,818 ,12109 ,162093 ,291334 ,1798 ,0 ,793 ,4596 ,654 ,367441 ,12178 ,1378504 ,27839 ,12515 ,109781 ,443 ,4460 ,14212 ,141932 ,2726 ,418 ,5611 ,3979 ,7196433 ,43148 ,102950 ,72895 ,243580 ,271 ,31222 ,123774 ,624 ,497568 ,15050 ,1852 ,480003 ,1196 ,30258 ,25399 ,6097 ,2285 ,539418 ,4568 ,685231 ,21360 ,6446 ,0 ,348 ,11041 ,705 ,1235 ,2584 ,33879 ,110456 ,643115 ,919 ,785 ,2519503 ,28479 ,33091 ,1517 ,38703 ,6859 ,2853 ,323717 ,176 ,1888 ,591 ,9012 ,164 ,2434 ,73320 ,6807 ,51258 ,0 ,0 ,361295 ,4558 ,1267 ,0 ,864268 ,61934 ,281 ,9414 ,52465 ,265 ,3204 ,30144 ,3732 ,23294 ,34247 ,64810 ,5501 ,2480 ,17023 ,39223 ,199462 ,512378 ,902 ,222832 ,256341 ,4918 ,0 ,7974 ,633 ,1325 ,17297 ,368 ,628337 ,109588 ,1486 ,69271 ,509 ,4588 ,75719 ,87542 ,2181367 ,593075 ,5441 ,3548 ,18705 ,852412 ,28554 ,646 ,0 ,55588 ,1656096 ,100383 ,572 ,0 ,21268 ,6790 ,229729 ,87396 ,643 ,3867 ,1788724 ,71630 ,2922 ,0 ,6130 ,530 ,1300 ,903 ,152301 ,1039 ,0 ,8300 ,77230 ,16541 ,1671 ,5365 ,0 ,134098 ,5774 ,152 ,97630 ,2194 ,3051 ,62631 ,5384 ,987 ,35988 ,3486 ,2183741 ,2923 ,387 ,769578 ,8292 ,0 ,533 ,116284 ,3208 ,29053 ,3945 ,6723 ,2156 ,169764 ,41722 ,5871 ,82961 ,69560 ,4353 ,3588 ,97655 ,27300 ,0 ,32947 ,882395 ,1527 ,13048 ,10505 ,11267 ,5747 ,2943 ,913 ,1003 ,3043 ,211 ,151 ,16030 ,78829 ,1931 ,2915 ,1394 ,35165 ,12768 ,53452 ,1927869 ,42932 ,115347 ,10078 ,2034924 ,2319464 ,951166 ,979314 ,9001 ,129703 ,1489722 ,21119 ,5502 ,7577 ,2677277 ,14045 ,219 ,1919 ,60525 ,94280 ,1486 ,14177 ,177255 ,6625 ,164159 ,47868 ,125 ,41436 ,0 ,2036 ,92557 ,652756 ,348690 ,991260 ,17800 ,15844 ,11320 ,0 ,0 ,1798 ,713283 ,10031 ,0 ,0 ,191827 ,7161 ,1389711 ,3313 ,234 ,0 ,1009 ,665 ,12058684 ,7326 ,21226 ,504198 ,577 ,43148 ,11216 ,1072 ,0 ,5473 ,2558 ,29625 ,7423 ,306446 ,73294 ,12710 ,73116 ,2182 ,11054 ,27525 ,2670 ,41455 ,329522 ,315468 ,0 ,0 ,2501859 ,0 ,5466 ,67937 ,986 ,28745 ,2175 ,40273 ,16308 ,0 ,9170 ,0 ,46245 ,324 ,0 ,243 ,23451 ,0 ,1613 ,1501 ,105352 ,5600 ,0 ,12048 ,7773 ,17448 ,5302 ,13515 ,0 ,15702 ,34977 ,4465 ,11445 ,0 ,2951 ,13722 ,75866 ,15388 ,5064308 ,2880 ,8744 ,2224 ,6958 ,233755 ,13512 ,0 ,152 ,7146 ,578 ,36160 ,2146 ,3540 ,7249 ,94759 ,0 ,193506 ,5400 ,93724 ,1761391 ,1359 ,99911 ,32036 ,661 ,7896 ,300398 ,563 ,12696 ,1726 ,5140 ,26758 ,87464 ,0 ,56336 ,44451 ,14642 ,50 ,0 ,2314 ,368 ,922 ,4142 ,630946 ,108320 ,732 ,17219 ,21807 ,7263 ,50058 ,35347 ,26857 ,256465 ,129294 ,39844 ,1460 ,269801 ,1245024 ,3448 ,568728 ,19555 ,26574 ,23828 ,5536 ,2673092 ,36539 ,0 ,6028 ,3980 ,113190 ,4758 ,0 ,13863 ,41105 ,12144 ,80522 ,393317 ,1582 ,45007 ,1474 ,16628 ,9441 ,54949 ,14673 ,9215 ,7830 ,29631 ,108922 ,2311 ,18461 ,113196 ,209351 ,1684 ,1684 ,1511 ,3452 ,43146 ,4430 ,284643 ,3351 ,117910 ,0 ,176578 ,0 ,410155 ,3229 ,0 ,3194 ,265112 ,3551 ,1536 ,32186 ,32186 ,2283 ,23608 ,4555 ,0 ,30768 ,173834 ,359272 ,1931 ,43471 ,20999684 ,15673 ,10632 ,157210 ,288780 ,4307 ,96870 ,35354 ,371275 ,89481 ,1915177 ,5243 ,13900 ,1134 ,27004 ,2809 ,152 ,633 ,530 ,3633 ,10474 ,11470 ,2317 ,1132 ,5989 ,516207 ,11504 ,0 ,105478 ,904638 ,758125 ,2201 ,1493523 ,0 ,35046 ,0 ,0 ,28202 ,5473 ,0 ,5080 ,18743 ,108610 ,624439 ,313 ,7761 ,0 ,13982 ,29724 ,208817 ,11443 ,43779 ,2645 ,38 ,20866 ,72857 ,96985 ,361162 ,1922 ,18225 ,84905 ,1863 ,1207916 ,4453 ,32495 ,681792 ,1462273 ,0 ,26394 ,1223 ,2726 ,23595 ,368 ,9661 ,4860 ,59864 ,58143 ,461430 ,20122 ,950 ,7134 ,15804 ,20620 ,12229 ,26163 ,459470 ,7993282 ,163512 ,4613 ,123097 ,655 ,815 ,16373 ,182638 ,4187 ,231600 ,1536 ,0 ,233208 ,31349 ,1847 ,172087 ,908 ,14809809 ,13485 ,158198 ,22836 ,28859 ,347 ,156603 ,1465 ,6825 ,27524 ,115737 ,939299 ,21099 ,182453 ,2146 ,9329 ,17962 ,18015 ,0 ,1342 ,36533 ,1072 ,2486 ,2486 ,7698976 ,1260928 ,436 ,9238 ,3575260 ,2699708 ,520219 ,164 ,18003 ,49867 ,155069 ,8473 ,41152 ,1719 ,15109 ,201782 ,0 ,13632 ,9923 ,283018 ,0 ,6513 ,3626228 ,30890 ,244867 ,3188401 ,160871 ,43388 ,5859 ,1926 ,272755 ,1710 ,10970 ,508 ,16885 ,22083 ,1547 ,895 ,21568 ,297641 ,20215 ,6484 ,22669 ,36172 ,1730966 ,7429 ,1410 ,0 ,2016 ,0 ,121449 ,4629 ,51562 ,75240 ,187642 ,1831 ,1926215 ,7272 ,4702 ,550853644 ,412 ,9472 ,1186 ,33588 ,667548 ,0 ,2804 ,49594 ,834753 ,2667 ,3764 ,0 ,42397 ,3574 ,4800 ,0 ,1616 ,27505 ,695010 ,7304 ,122107 ,395385 ,0 ,4280 ,23072 ,3068 ,0 ,2702 ,0 ,94291 ,485 ,97211 ,5360 ,1755498 ,3718 ,40993 ,8795 ,5403 ,0 ,1742 ,900 ,2885 ,654 ,13037 ,15954 ,6293 ,21135 ,69640 ,34252 ,787379 ,11555 ,20303 ,10419 ,2572 ,7800 ,14249 ,1042624 ,54715 ,198702 ,3157 ,406 ,1636046 ,5696 ,0 ,0 ,16326 ,212219 ,31098 ,79401 ,12616 ,51 ,5741 ,24251 ,463242 ,1240 ,54285 ,32700 ,26490 ,40104 ,0 ,5205 ,15255 ,94754 ,12586 ,4272 ,1359 ,9553 ,21079 ,43013821 ,3553683 ,8162882 ,67126 ,1571935 ,3943951 ,123629 ,848777 ,27665 ,857589 ,10985 ,6986 ,80117 ,86098 ,4099 ,815 ,1800 ,4904 ,6552 ,0 ,1703708 ,175514 ,29272 ,159258 ,5004 ,7712 ,905478 ,4052 ,71094 ,1765711 ,0 ,14055 ,107139 ,18497 ,4222 ,890 ,22807 ,0 ,3495 ,47554 ,313198 ,42907 ,77151 ,0 ,126383 ,562 ,17038 ,15568 ,1648 ,66949 ,4441224 ,9141 ,260542 ,20003 ,39 ,3648 ,1450 ,0 ,665 ,109222 ,149858 ,9556620 ,73218 ,46003 ,0 ,56068 ,23276 ,30372 ,6316 ,101496 ,24972 ,37871 ,33963 ,34192 ,23315 ,1298662 ,19333 ,420 ,77139 ,185073 ,381695 ,183946 ,7212 ,2850 ,4935 ,363652 ,575191 ,1767172 ,32223 ,3004 ,238794 ,1021385 ,3878 ,105486 ,640 ,228593 ,595404 ,2373 ,2586 ,50 ,0 ,164726 ,520862 ,42139 ,14457 ,271551 ,33301 ,170877 ,146828 ,20783 ,215881 ,15905 ,1961 ,152362 ,11278238 ,24251 ,559 ,5754 ,270350 ,13285 ,3414273 ,22594 ,190894 ,200192 ,58489 ,4482 ,5443 ,5811 ,271917 ,1882 ,76075 ,791061 ,2140 ,30171 ,0 ,13616 ,138918 ,0 ,86937 ,41720 ,13876 ,4472968 ,5886194 ,14964 ,3069251 ,1292 ,85071 ,576 ,3377 ,456 ,30303 ,20497 ,526 ,1369840 ,21697 ,1235 ,22524 ,134664 ,2916 ,379834 ,0 ,857 ,179721 ,32312 ,456 ,57514 ,7079 ,6791 ,1419569 ,71586 ,43 ,1831501 ,13529 ,38099 ,1899 ,24395 ,47709 ,16204 ,14895 ,27534 ,131593 ,54461 ,1578 ,0 ,20626 ,53056 ,29929 ,2849234 ,12718 ,18554 ,0 ,269730 ,1297861891 ,9361 ,15169 ,5341 ,2907 ,49049 ,2137 ,1978 ,442 ,1496206 ,23449 ,29092 ,72271 ,0 ,90848 ,9709 ,0 ,0 ,7337 ,1915 ,684264 ,177794 ,1115 ,1162 ,9985 ,38760 ,1669 ,77 ,10185 ,162461 ,0 ,5486 ,0 ,3269 ,105211 ,51695 ,8695 ,64561 ,45649 ,65046 ,177370 ,1984 ,2920 ,275317 ,12110 ,233451 ,16754 ,3051 ,2124 ,3071 ,0 ,104709 ,0 ,887 ,619056 ,192838 ,4292 ,0 ,170028 ,2148 ,0 ,152 ,0 ,354 ,122834 ,90164 ,5562 ,3815 ,0 ,10150 ,52990 ,208062 ,1272 ,0 ,1810 ,15400 ,8017 ,34822 ,1840 ,65 ,35804 ,381057 ,8739 ,0 ,0 ,3407 ,335880 ,0 ,1552049 ,6490 ,20504 ,8006 ,9467 ,0 ,0 ,0 ,455944 ,156968 ,20957 ,35826 ,0 ,232201 ,125456 ,345 
2019-12-01,134171 ,3262 ,857 ,0 ,206 ,16997 ,22660 ,2323 ,0 ,5855 ,2813 ,8141 ,69857 ,3446 ,8304 ,20656 ,248 ,832 ,2847 ,367088 ,46108 ,30852 ,42148 ,28102 ,22957 ,64605 ,93716 ,149033 ,574 ,0 ,0 ,8044 ,191303 ,35164 ,3618 ,42586 ,0 ,330226 ,10937 ,18031 ,2657 ,9989 ,0 ,10165 ,23351 ,28240 ,42466842 ,9236 ,80104 ,74336 ,452 ,259653 ,3871 ,0 ,4073783 ,57240 ,15062 ,154 ,30733 ,58805842 ,1455007 ,21043 ,0 ,340 ,19505 ,212932 ,261773 ,1925 ,7959 ,1169 ,143597 ,89741 ,2764821 ,15043 ,568 ,10154 ,987 ,4338 ,46660 ,92605 ,13314 ,247 ,96303 ,0 ,3904 ,11824 ,471864 ,13258 ,8795 ,36118 ,2591 ,482 ,1031 ,1401 ,1246 ,1104 ,4314477 ,364436 ,571 ,0 ,44359 ,448 ,43433 ,5354 ,36776 ,94997 ,611 ,273092 ,29578 ,4616 ,380228 ,51006 ,7761 ,31677 ,196877 ,10121 ,619019 ,1708722 ,64484 ,2748 ,716315 ,10380 ,48127 ,43521 ,3739 ,8457 ,192451 ,251350 ,2673 ,0 ,972 ,10593 ,1679 ,369071 ,13642 ,1431393 ,23675 ,9564 ,95754 ,480 ,5740 ,3873 ,69618 ,3342 ,339 ,5025 ,101 ,7207498 ,44607 ,72105 ,57844 ,182168 ,240 ,24774 ,105467 ,3191 ,463926 ,26258 ,11795 ,591942 ,0 ,67710 ,20474 ,3327 ,440 ,505360 ,2442 ,630011 ,6130 ,4673 ,0 ,1202 ,7202 ,766 ,3024 ,1751 ,45670 ,78587 ,621340 ,2144 ,18320 ,2561790 ,26677 ,38889 ,9234 ,43472 ,15685 ,7402 ,249757 ,603 ,368 ,1217 ,19341 ,133 ,4538 ,55182 ,4565 ,32837 ,8224 ,0 ,346820 ,10063 ,5073 ,0 ,809785 ,37188 ,0 ,2394 ,60417 ,15468 ,4793 ,21920 ,4042 ,14590 ,18319 ,52015 ,5110 ,0 ,19857 ,17422 ,186554 ,544368 ,673 ,284772 ,149641 ,2893 ,0 ,5356 ,730 ,4260 ,8063 ,0 ,586424 ,112885 ,2524 ,59609 ,317 ,4121 ,58266 ,103605 ,3503968 ,573388 ,3318 ,3597 ,18589 ,853230 ,28935 ,548 ,0 ,64438 ,1783946 ,50272 ,2008 ,0 ,19118 ,1726 ,182278 ,119120 ,3506 ,995 ,1331247 ,56109 ,4632 ,0 ,1758 ,1473 ,2838 ,6018 ,190930 ,1284 ,0 ,12032 ,64392 ,17707 ,1538 ,9862 ,0 ,170935 ,7991 ,9837 ,110847 ,2857 ,24679 ,149897 ,1847 ,672 ,36902 ,5993 ,1709616 ,3274 ,3535 ,671881 ,5165 ,2362 ,2977 ,68401 ,4406 ,18481 ,11456 ,933 ,4892 ,232520 ,48089 ,4802 ,58233 ,68129 ,6383 ,651 ,115174 ,65985 ,0 ,38167 ,803794 ,2179 ,14079 ,14485 ,10598 ,874 ,2886 ,508 ,1049 ,4412 ,0 ,1278 ,1156 ,70366 ,3597 ,4543 ,674 ,39672 ,6097 ,32722 ,2120240 ,34509 ,102277 ,5032 ,1974177 ,2455132 ,854129 ,657406 ,164 ,95010 ,1638832 ,26917 ,3730 ,4011 ,2502149 ,6874 ,184 ,3445 ,51880 ,93832 ,1675 ,9833 ,162246 ,4064 ,75568 ,30984 ,0 ,49735 ,660 ,1882 ,65547 ,724058 ,337828 ,887763 ,22648 ,16160 ,10177 ,57 ,0 ,1486 ,754851 ,8535 ,0 ,177 ,175979 ,2676 ,1462060 ,181 ,0 ,0 ,1327 ,813 ,11850194 ,3645 ,7446 ,678087 ,0 ,44607 ,17491 ,1406 ,0 ,7561 ,2306 ,29116 ,2775 ,260122 ,60889 ,17067 ,47629 ,5009 ,14498 ,20854 ,12050 ,32431 ,256070 ,343288 ,0 ,625 ,2252748 ,0 ,4089 ,56477 ,3100 ,19346 ,7233 ,36318 ,25908 ,0 ,12400 ,344 ,37594 ,3341 ,0 ,230 ,4607 ,0 ,1522 ,1178 ,111222 ,7039 ,0 ,7646 ,8419 ,12659 ,3931 ,15784 ,0 ,12977 ,51551 ,5647 ,3974 ,0 ,4031 ,10370 ,78691 ,20999 ,4926636 ,3770 ,14486 ,11337 ,4847 ,239601 ,19377 ,151 ,153 ,5521 ,374 ,32288 ,0 ,5399 ,9552 ,72485 ,0 ,187152 ,8909 ,63657 ,1512488 ,0 ,95053 ,26086 ,912 ,4986 ,311396 ,54 ,15681 ,1515 ,4374 ,42221 ,68178 ,0 ,60015 ,31450 ,945 ,318 ,771 ,389 ,368 ,3397 ,2596 ,627270 ,112522 ,0 ,18136 ,27757 ,11425 ,31725 ,46014 ,25976 ,219587 ,143281 ,5208 ,0 ,223789 ,996625 ,11690 ,625496 ,41106 ,13598 ,4134 ,5120 ,2667384 ,51223 ,0 ,9027 ,2967 ,133580 ,2929 ,0 ,19372 ,35619 ,3983 ,67811 ,394804 ,2612 ,13811 ,1781 ,11193 ,1529 ,49432 ,23456 ,5882 ,7556 ,27721 ,52597 ,0 ,20941 ,118382 ,180099 ,1091 ,1091 ,0 ,4597 ,42794 ,4140 ,251537 ,2871 ,132395 ,0 ,189034 ,0 ,266168 ,2368 ,0 ,4624 ,170990 ,5920 ,2517 ,24507 ,24507 ,541 ,3154 ,6607 ,0 ,25458 ,281709 ,359674 ,12640 ,87513 ,22686144 ,824 ,2345 ,134449 ,293512 ,426 ,123957 ,34801 ,299410 ,93510 ,2341693 ,6229 ,6339 ,2604 ,16920 ,8850 ,1724 ,1317 ,0 ,1585 ,24457 ,4239 ,1592 ,1739 ,4102 ,510492 ,8295 ,0 ,120480 ,754526 ,739369 ,1337 ,1767790 ,1414 ,35098 ,0 ,3782 ,7465 ,4367 ,0 ,1370 ,37451 ,107027 ,545191 ,0 ,6810 ,0 ,14408 ,14914 ,267837 ,9440 ,54019 ,4028 ,900 ,17507 ,85520 ,78587 ,805662 ,0 ,10678 ,88265 ,1994 ,819792 ,470 ,11717 ,682684 ,1448183 ,0 ,19233 ,0 ,3342 ,29138 ,0 ,18082 ,5649 ,60801 ,29530 ,581035 ,18721 ,1776 ,12074 ,20847 ,28930 ,16625 ,22786 ,517869 ,7517407 ,105184 ,3391 ,143171 ,3077 ,1981 ,14646 ,202445 ,3191 ,175775 ,1607 ,0 ,195543 ,19848 ,3314 ,177631 ,543 ,13884424 ,10430 ,122666 ,31515 ,11453 ,763 ,128128 ,924 ,3408 ,28747 ,127751 ,697907 ,13819 ,160948 ,6831 ,9280 ,27577 ,19181 ,0 ,414 ,51056 ,1631 ,1311 ,1311 ,7555262 ,1458055 ,483 ,8066 ,4641352 ,2854427 ,585383 ,355 ,16254 ,14226 ,160340 ,7245 ,27088 ,0 ,14484 ,176050 ,0 ,21000 ,12977 ,275435 ,0 ,8720 ,3380173 ,35586 ,173206 ,2754630 ,177149 ,46958 ,5139 ,584 ,275343 ,892 ,4445 ,2192 ,23030 ,20011 ,1953 ,0 ,24770 ,248120 ,22189 ,5122 ,21534 ,32818 ,1773561 ,7967 ,1075 ,10226 ,2386 ,356 ,87384 ,9549 ,43071 ,50301 ,218267 ,5015 ,1987097 ,2495 ,5884 ,545099275 ,1167 ,21615 ,0 ,6671 ,520648 ,0 ,733 ,51702 ,793152 ,3270 ,4256 ,0 ,46454 ,1735 ,5782 ,448 ,1931 ,27373 ,591254 ,10620 ,129265 ,422890 ,0 ,683 ,17558 ,7441 ,1440 ,3621 ,0 ,77207 ,0 ,87296 ,10522 ,1789721 ,4529 ,41400 ,6753 ,2713 ,0 ,481 ,2358 ,7304 ,0 ,15628 ,16729 ,759 ,25876 ,97175 ,41997 ,842596 ,15580 ,5043 ,3694 ,6131 ,2936 ,17145 ,914307 ,63459 ,115778 ,0 ,570 ,1890587 ,1843 ,658 ,0 ,30651 ,224231 ,29584 ,90530 ,11019 ,0 ,8060 ,16984 ,608435 ,1957 ,23166 ,19980 ,20476 ,32543 ,665 ,5457 ,7233 ,104742 ,3787 ,4228 ,454 ,7436 ,19820 ,42877826 ,3703217 ,8486070 ,27816 ,1517662 ,3475697 ,70810 ,985528 ,27238 ,820297 ,4956 ,9921 ,84206 ,100214 ,5730 ,3061 ,0 ,3442 ,7720 ,0 ,1575257 ,172067 ,40608 ,165943 ,4560 ,8072 ,866209 ,13240 ,32709 ,1978788 ,0 ,10989 ,81993 ,23102 ,4416 ,1634 ,15826 ,0 ,3863 ,33476 ,180986 ,33841 ,37879 ,365 ,112324 ,488 ,18886 ,4494 ,384 ,59128 ,3875094 ,9035 ,265698 ,13017 ,517 ,2839 ,1213 ,0 ,1392 ,84353 ,149234 ,9319431 ,35967 ,22825 ,0 ,54749 ,22267 ,44628 ,6587 ,109665 ,26382 ,60626 ,33741 ,14358 ,25102 ,1403586 ,1987 ,426 ,40672 ,161005 ,325944 ,182843 ,5427 ,4075 ,4726 ,326715 ,471779 ,1723594 ,40898 ,2673 ,195125 ,1061453 ,7168 ,98938 ,2708 ,272155 ,564862 ,6588 ,2895 ,860 ,0 ,190246 ,423178 ,16091 ,9784 ,224990 ,47370 ,176570 ,149055 ,11535 ,263338 ,6352 ,859 ,140638 ,11490701 ,16984 ,2351 ,8408 ,231100 ,16155 ,4335435 ,14676 ,155866 ,207210 ,41260 ,16254 ,8434 ,16388 ,250537 ,1232 ,64457 ,933445 ,609 ,33634 ,0 ,11764 ,140683 ,0 ,26985 ,25961 ,3454 ,4317618 ,5717044 ,29477 ,3232500 ,981 ,74230 ,1887 ,9883 ,808 ,38416 ,18028 ,1814 ,1333989 ,57567 ,2586 ,21692 ,142548 ,3249 ,377810 ,0 ,0 ,226239 ,46131 ,515 ,53977 ,5181 ,2714 ,1362567 ,61551 ,611 ,1981777 ,17042 ,39362 ,2441 ,37100 ,34114 ,14628 ,3430 ,30706 ,83064 ,43868 ,1115 ,353 ,13620 ,16568 ,11372 ,1681626 ,12342 ,23783 ,0 ,308557 ,1249163864 ,14913 ,13342 ,5050 ,5114 ,66911 ,5212 ,2597 ,0 ,1141421 ,13137 ,45541 ,82077 ,0 ,48827 ,9648 ,0 ,969 ,10363 ,8210 ,654761 ,196965 ,534 ,5264 ,14079 ,48990 ,1677 ,24 ,1776 ,181396 ,0 ,5652 ,251 ,18734 ,99630 ,65459 ,11420 ,57846 ,45658 ,68003 ,79279 ,11543 ,958 ,230700 ,13089 ,183807 ,22490 ,7283 ,14865 ,8168 ,0 ,148412 ,1484 ,2423 ,674369 ,218349 ,4184 ,446 ,180938 ,844 ,0 ,8741 ,0 ,3559 ,112834 ,75026 ,17761 ,2932 ,0 ,5853 ,84611 ,225673 ,3394 ,2317 ,2097 ,18706 ,21888 ,40747 ,2713 ,317 ,34391 ,337268 ,1951 ,0 ,0 ,1303 ,314732 ,373 ,1783113 ,2369 ,39109 ,10763 ,21418 ,11502 ,0 ,7923 ,467080 ,102081 ,25299 ,36776 ,0 ,235057 ,125657 ,244 
2020-01-01,212122 ,0 ,852 ,2993 ,715 ,30384 ,16976 ,10955 ,277 ,4057 ,1650 ,988 ,62367 ,5457 ,12697 ,16026 ,293 ,698 ,4609 ,373929 ,30895 ,27573 ,26918 ,34423 ,32995 ,65405 ,85911 ,176081 ,1279 ,0 ,0 ,9475 ,215712 ,30754 ,3234 ,31400 ,0 ,354467 ,21635 ,14963 ,1584 ,26075 ,0 ,9170 ,22013 ,30349 ,38962851 ,4314 ,81678 ,47137 ,332 ,243755 ,3017 ,13802 ,3974265 ,58714 ,15382 ,8097 ,14150 ,59267035 ,1147859 ,23559 ,0 ,1556 ,18216 ,224212 ,212438 ,2032 ,13641 ,3443 ,70147 ,87613 ,4429017 ,7947 ,3335 ,2655 ,5943 ,6509 ,40055 ,82785 ,12151 ,422 ,119890 ,552 ,1980 ,9678 ,433775 ,32576 ,3463 ,37636 ,1210 ,0 ,537 ,1102 ,858 ,1608 ,4708984 ,386789 ,1458 ,947 ,41224 ,720 ,94401 ,1935 ,37458 ,82202 ,3965 ,170673 ,18092 ,1709 ,432846 ,77468 ,6761 ,23567 ,154195 ,13041 ,881060 ,2053395 ,69708 ,6099 ,650541 ,8522 ,40268 ,22923 ,0 ,22162 ,204709 ,289098 ,3575 ,0 ,1370 ,10729 ,3341 ,378541 ,8494 ,1525725 ,27546 ,7294 ,101851 ,1314 ,9798 ,3758 ,85911 ,3184 ,922 ,1686 ,7675 ,7010395 ,34874 ,73545 ,59460 ,268780 ,0 ,25177 ,123756 ,1227 ,372604 ,6925 ,0 ,610053 ,0 ,49193 ,29549 ,4269 ,686 ,480336 ,15746 ,907816 ,15207 ,4406 ,785 ,527 ,5960 ,0 ,2790 ,2806 ,42438 ,69460 ,680822 ,7284 ,495 ,2411147 ,19762 ,25460 ,3986 ,37801 ,16333 ,1770 ,217742 ,0 ,243 ,0 ,18573 ,210 ,1009 ,61724 ,4753 ,41923 ,9131 ,0 ,393085 ,5994 ,3555 ,0 ,919930 ,42858 ,0 ,3682 ,60723 ,6721 ,4350 ,15137 ,6415 ,16919 ,34134 ,43214 ,5253 ,0 ,18550 ,23037 ,232374 ,609311 ,3298 ,209915 ,179773 ,6496 ,0 ,4738 ,698 ,463 ,5950 ,0 ,590879 ,146200 ,2760 ,63481 ,2470 ,3640 ,28915 ,102265 ,1766577 ,533696 ,5721 ,3451 ,15659 ,858760 ,18458 ,1167 ,0 ,66018 ,1748333 ,62392 ,1675 ,545 ,17559 ,623 ,209098 ,113960 ,1343 ,1665 ,1350742 ,50487 ,3626 ,0 ,4338 ,1099 ,1925 ,765 ,189995 ,361 ,562 ,13905 ,59766 ,16390 ,769 ,8642 ,2946 ,152650 ,9991 ,3074 ,107158 ,2778 ,28501 ,140563 ,1184 ,3562 ,22060 ,3333 ,1501503 ,6050 ,1298 ,669528 ,1745 ,5685 ,5889 ,97574 ,12332 ,22629 ,44616 ,1885 ,4567 ,248157 ,45426 ,4892 ,76926 ,97124 ,2316 ,0 ,87409 ,35368 ,0 ,45964 ,924321 ,1599 ,13711 ,16768 ,14634 ,4336 ,620 ,1179 ,5531 ,5387 ,0 ,0 ,7025 ,64836 ,2348 ,3096 ,1046 ,27447 ,14295 ,43414 ,2108690 ,21665 ,80915 ,16202 ,2115815 ,2659766 ,837179 ,641869 ,7277 ,118606 ,1786459 ,16846 ,1410 ,7343 ,2815470 ,11278 ,364 ,1870 ,53790 ,77628 ,65 ,1592 ,166329 ,1800 ,103589 ,19995 ,0 ,48655 ,0 ,3487 ,111548 ,890207 ,370882 ,923721 ,17019 ,39036 ,7832 ,481 ,0 ,0 ,766538 ,5300 ,0 ,289 ,175776 ,0 ,1518598 ,0 ,0 ,0 ,1401 ,504 ,11872808 ,3240 ,13468 ,658785 ,0 ,34874 ,15307 ,7076 ,0 ,6506 ,6708 ,11638 ,7568 ,210180 ,60585 ,14198 ,23924 ,1971 ,11728 ,47380 ,11548 ,22150 ,296977 ,339709 ,0 ,812 ,2181642 ,0 ,2954 ,50484 ,1569 ,20388 ,11706 ,36601 ,40038 ,332 ,16433 ,2408 ,68686 ,4331 ,0 ,760 ,15638 ,1699 ,0 ,1012 ,99321 ,8402 ,705 ,19356 ,8203 ,13106 ,9538 ,33587 ,0 ,7433 ,44981 ,6208 ,2801 ,1726 ,3324 ,8216 ,86983 ,31545 ,4829291 ,1137 ,11195 ,5763 ,7830 ,141650 ,10333 ,286 ,1050 ,7585 ,427 ,24007 ,0 ,4584 ,3737 ,85704 ,0 ,166341 ,7698 ,84755 ,1651635 ,0 ,69479 ,31970 ,852 ,6969 ,391469 ,542 ,10887 ,215 ,11956 ,45588 ,62079 ,262 ,40797 ,24895 ,4085 ,148 ,3885 ,0 ,330 ,2351 ,4455 ,697002 ,142067 ,0 ,16533 ,32472 ,8617 ,44074 ,50366 ,20561 ,204982 ,138509 ,5339 ,0 ,213281 ,1036537 ,2506 ,550453 ,38502 ,3743 ,3697 ,6669 ,2518675 ,45939 ,1810 ,4893 ,3686 ,77444 ,2992 ,0 ,13896 ,44122 ,11746 ,60859 ,519538 ,1529 ,19040 ,9318 ,11218 ,1497 ,35864 ,4340 ,7832 ,17425 ,39843 ,47260 ,0 ,30206 ,74302 ,156460 ,1233 ,1233 ,0 ,11903 ,31375 ,3148 ,272565 ,10400 ,105087 ,146 ,151871 ,0 ,190026 ,467 ,2333 ,5203 ,161444 ,4877 ,1779 ,5752 ,5752 ,1139 ,1110 ,13073 ,352 ,26526 ,278283 ,383680 ,11246 ,43620 ,21787413 ,1389 ,1705 ,78699 ,344145 ,549 ,34057 ,45877 ,256702 ,149871 ,2097413 ,7116 ,5438 ,1907 ,22726 ,2937 ,1089 ,3077 ,0 ,1471 ,38293 ,6195 ,2446 ,4284 ,0 ,543765 ,8614 ,0 ,123944 ,754383 ,786196 ,3018 ,2061991 ,1648 ,35430 ,0 ,326 ,5700 ,6049 ,1736 ,530 ,110751 ,108106 ,544601 ,0 ,4232 ,0 ,12536 ,19714 ,264094 ,5872 ,50195 ,4862 ,714 ,18490 ,29498 ,62990 ,944650 ,0 ,26972 ,103825 ,1010 ,897322 ,1194 ,20367 ,696778 ,1369908 ,0 ,38530 ,0 ,3184 ,28264 ,0 ,7563 ,6715 ,24469 ,20965 ,504123 ,19665 ,733 ,5053 ,17765 ,16514 ,9116 ,19050 ,555364 ,6629316 ,147295 ,3907 ,135135 ,3496 ,12578 ,12823 ,185653 ,7720 ,178954 ,770 ,0 ,286378 ,16533 ,1617 ,187989 ,0 ,15731820 ,14783 ,128893 ,4934 ,5910 ,1205 ,128737 ,9863 ,3712 ,28702 ,143679 ,819772 ,9814 ,178244 ,2219 ,5240 ,20766 ,15428 ,0 ,761 ,68886 ,1256 ,1131 ,1131 ,8392949 ,1584632 ,153 ,8920 ,4865290 ,2800651 ,658745 ,222 ,14921 ,27542 ,144182 ,7248 ,30366 ,0 ,9504 ,171834 ,0 ,16159 ,8854 ,297556 ,0 ,4555 ,3149094 ,37859 ,148440 ,2982330 ,236146 ,40222 ,2848 ,487 ,265389 ,864 ,15958 ,1705 ,4268 ,21707 ,472 ,0 ,47377 ,251712 ,13966 ,0 ,18161 ,42634 ,1833254 ,6771 ,998 ,3373 ,2147 ,0 ,100685 ,13197 ,20815 ,49796 ,228474 ,936 ,2115223 ,4342 ,2411 ,565070316 ,2947 ,8421 ,0 ,8494 ,580434 ,0 ,0 ,40828 ,879662 ,2522 ,3256 ,0 ,39404 ,28955 ,6144 ,1072 ,2601 ,35369 ,572231 ,8439 ,126299 ,377534 ,0 ,1877 ,15377 ,6900 ,332 ,8634 ,4081 ,141794 ,0 ,91249 ,6280 ,1763538 ,7856 ,41084 ,3795 ,780 ,0 ,779 ,1322 ,5643 ,0 ,10717 ,22536 ,3841 ,23446 ,46406 ,33846 ,951557 ,18688 ,4271 ,1911 ,7235 ,6476 ,3162 ,1100054 ,39535 ,145961 ,0 ,1341 ,1882627 ,3469 ,1978 ,0 ,47547 ,198415 ,35162 ,103245 ,10937 ,0 ,5746 ,15267 ,709575 ,578 ,17577 ,20073 ,17983 ,23407 ,332 ,1961 ,9661 ,78651 ,3869 ,7318 ,1114 ,9633 ,1975 ,42468237 ,3403424 ,8764409 ,45700 ,1677514 ,3558710 ,91104 ,990436 ,24960 ,942207 ,7831 ,13131 ,77883 ,140875 ,13713 ,3246 ,0 ,15459 ,5008 ,2776 ,1557210 ,114829 ,40229 ,201434 ,3127 ,3425 ,868058 ,22378 ,37959 ,2130294 ,0 ,16259 ,125526 ,10555 ,3679 ,0 ,39826 ,0 ,1864 ,27568 ,148556 ,26798 ,68534 ,16 ,140127 ,1185 ,14936 ,23499 ,512 ,64041 ,4057838 ,12864 ,246179 ,4956 ,297 ,5879 ,133 ,332 ,1050 ,73416 ,134154 ,9809008 ,49299 ,35690 ,2089 ,69369 ,17279 ,49323 ,2799 ,111365 ,25982 ,45099 ,39672 ,6008 ,18645 ,1694796 ,21576 ,0 ,39459 ,155010 ,292064 ,196869 ,3893 ,3214 ,3624 ,441046 ,433388 ,1327550 ,23217 ,3183 ,220669 ,1008634 ,11886 ,94243 ,2812 ,278415 ,542708 ,4813 ,1114 ,0 ,420 ,149500 ,308175 ,26688 ,22649 ,204020 ,51645 ,176544 ,130743 ,17843 ,289050 ,648 ,1730 ,170858 ,11556523 ,15267 ,1795 ,7613 ,238217 ,19703 ,6708002 ,13922 ,136967 ,260369 ,39795 ,5606 ,11715 ,6648 ,254525 ,6183 ,67159 ,1078984 ,2436 ,40830 ,2041 ,9448 ,143864 ,0 ,23884 ,27859 ,10245 ,4188238 ,5778231 ,23983 ,3174025 ,1945 ,64151 ,2438 ,4149 ,3398 ,28259 ,21674 ,1532 ,1429676 ,25324 ,2493 ,24629 ,150862 ,10121 ,340234 ,0 ,0 ,214059 ,20477 ,0 ,76633 ,8579 ,1494 ,1549965 ,72148 ,0 ,1926327 ,13730 ,23870 ,2213 ,34518 ,45419 ,23825 ,9745 ,20676 ,96938 ,38808 ,0 ,0 ,14477 ,51521 ,34327 ,1749139 ,40211 ,15111 ,0 ,328033 ,1289731484 ,20414 ,25466 ,8427 ,1541 ,60345 ,13176 ,642 ,0 ,1289081 ,14129 ,40219 ,72366 ,0 ,51848 ,17496 ,0 ,0 ,5245 ,9805 ,715705 ,213340 ,59 ,3211 ,12143 ,33122 ,1987 ,746 ,647 ,192165 ,0 ,2923 ,0 ,5277 ,84361 ,117975 ,9334 ,51424 ,76980 ,87109 ,105432 ,15490 ,243 ,208137 ,18847 ,168196 ,7628 ,2720 ,5020 ,6768 ,358 ,127256 ,1768 ,2104 ,1345508 ,211640 ,3882 ,313 ,171274 ,1922 ,0 ,9171 ,0 ,11341 ,110659 ,109860 ,25084 ,4993 ,2020 ,11162 ,67555 ,226610 ,489 ,909 ,2722 ,11971 ,13109 ,14094 ,341 ,810 ,34292 ,401400 ,2927 ,0 ,0 ,4844 ,277995 ,1575 ,1784197 ,4193 ,30188 ,6963 ,17921 ,7712 ,336 ,6615 ,638186 ,70400 ,29508 ,31118 ,0 ,241398 ,178060 ,1043 
2020-02-01,490972 ,0 ,603 ,739 ,0 ,139407 ,10013 ,3033 ,0 ,621 ,0 ,0 ,67476 ,11841 ,17963 ,16495 ,53540 ,0 ,2070 ,416597 ,46386 ,5346 ,14995 ,20521 ,21508 ,82031 ,76200 ,241026 ,154 ,0 ,0 ,8009 ,209214 ,16622 ,5354 ,49643 ,0 ,322142 ,59192 ,40703 ,2836 ,16705 ,1595 ,10322 ,14152 ,35637 ,46700663 ,966 ,81034 ,53697 ,906 ,371447 ,2683 ,4023 ,3627383 ,13405 ,4364 ,2916 ,6953 ,71606653 ,915647 ,27266 ,0 ,0 ,16779 ,322101 ,169332 ,1384 ,8765 ,1211 ,54501 ,56551 ,4202746 ,1719 ,0 ,0 ,2850 ,3338 ,52819 ,75814 ,13948 ,4578 ,170663 ,12013 ,10438 ,5569 ,445232 ,33916 ,0 ,13627 ,1607 ,0 ,0 ,0 ,255 ,0 ,5669941 ,409833 ,1423 ,0 ,48413 ,553 ,131837 ,0 ,61605 ,115941 ,3136 ,418118 ,24866 ,769 ,462043 ,124643 ,2692 ,9377 ,214915 ,7611 ,676219 ,2318667 ,62981 ,2834 ,424319 ,6885 ,51250 ,11763 ,0 ,3120 ,211204 ,336804 ,7636 ,0 ,0 ,5372 ,0 ,376712 ,9451 ,1441704 ,37519 ,7166 ,100884 ,293 ,24484 ,15527 ,105272 ,3703 ,523 ,977 ,1535 ,7403142 ,52688 ,125179 ,51318 ,160019 ,0 ,47122 ,126177 ,3096 ,266389 ,8086 ,0 ,550874 ,414 ,46243 ,37954 ,2486 ,417 ,461538 ,6635 ,1034827 ,20424 ,1926 ,512 ,60 ,515 ,0 ,1294 ,0 ,47180 ,81864 ,623064 ,7422 ,2402 ,2885544 ,17839 ,26991 ,402 ,44460 ,17985 ,334 ,354364 ,0 ,4810 ,0 ,25067 ,124 ,504 ,66808 ,3440 ,81505 ,0 ,0 ,439766 ,1068 ,4227 ,0 ,983986 ,61139 ,0 ,1702 ,51787 ,5633 ,1510 ,16468 ,9549 ,6093 ,18275 ,80129 ,11270 ,2358 ,19758 ,11924 ,197344 ,366392 ,0 ,136356 ,180542 ,2802 ,0 ,2827 ,1798 ,1086 ,9137 ,84 ,609431 ,141202 ,1629 ,126179 ,2460 ,3958 ,72100 ,86629 ,1522827 ,543088 ,2288 ,3147 ,26029 ,770642 ,12187 ,0 ,0 ,36861 ,1799305 ,72869 ,3596 ,1961 ,10152 ,3364 ,346339 ,115593 ,1899 ,0 ,1612452 ,70311 ,7283 ,0 ,0 ,871 ,3538 ,0 ,149868 ,0 ,0 ,8826 ,77621 ,18893 ,0 ,2064 ,2598 ,267940 ,1798 ,634 ,121700 ,2900 ,11450 ,60496 ,0 ,0 ,44487 ,708 ,2026865 ,8717 ,879 ,881440 ,1779 ,11414 ,9681 ,104149 ,10908 ,31326 ,25559 ,852 ,7233 ,591234 ,69799 ,10462 ,51900 ,97952 ,2944 ,0 ,123390 ,32789 ,0 ,16416 ,1022246 ,3588 ,10831 ,7684 ,11788 ,1899 ,8338 ,590 ,2566 ,2277 ,0 ,0 ,26790 ,74239 ,3672 ,4635 ,1541 ,46796 ,9456 ,73478 ,2437828 ,5142 ,125277 ,14156 ,2351733 ,2737333 ,981620 ,188172 ,6865 ,157915 ,2456174 ,30348 ,719 ,3021 ,3448608 ,28055 ,0 ,4568 ,39857 ,88084 ,3403 ,2047 ,120323 ,184 ,196334 ,24332 ,0 ,47070 ,0 ,1764 ,128679 ,936475 ,453033 ,1069501 ,12683 ,22444 ,7614 ,1986 ,0 ,0 ,741200 ,1806 ,0 ,0 ,182404 ,0 ,1880553 ,0 ,651 ,2343 ,630 ,0 ,12721963 ,542 ,9540 ,529604 ,0 ,52688 ,17980 ,7425 ,0 ,53860 ,5313 ,36992 ,1605 ,201191 ,45076 ,15167 ,13005 ,1507 ,2474 ,66387 ,15891 ,21711 ,338495 ,383835 ,0 ,2086 ,2876523 ,0 ,2664 ,43709 ,0 ,30426 ,3385 ,38258 ,49276 ,419 ,545 ,2506 ,133704 ,1989 ,0 ,340 ,6198 ,1867 ,0 ,0 ,119600 ,10155 ,3600 ,15442 ,33790 ,16329 ,4760 ,13668 ,0 ,0 ,53836 ,5717 ,17552 ,0 ,4212 ,2514 ,121160 ,11412 ,8946134 ,881 ,26270 ,1744 ,2908 ,268290 ,8493 ,0 ,558 ,10335 ,4483 ,59293 ,583 ,2239 ,12945 ,81193 ,0 ,242891 ,13454 ,71774 ,1719201 ,0 ,76340 ,34558 ,555 ,18384 ,459545 ,0 ,9770 ,118 ,4171 ,48797 ,42085 ,0 ,67098 ,35848 ,6692 ,205 ,3424 ,0 ,0 ,5779 ,2213 ,729622 ,218575 ,0 ,17192 ,48324 ,7888 ,64749 ,54018 ,26951 ,242626 ,147018 ,7823 ,0 ,306217 ,1394953 ,2222 ,486097 ,11686 ,14894 ,66002 ,4880 ,2726320 ,41233 ,7359 ,3528 ,1910 ,73884 ,3639 ,0 ,11096 ,56736 ,29159 ,72024 ,447871 ,0 ,17838 ,13440 ,13645 ,18855 ,51610 ,13665 ,13814 ,27438 ,31714 ,119590 ,0 ,25846 ,141378 ,268381 ,0 ,0 ,0 ,17958 ,36372 ,978 ,235760 ,4982 ,85981 ,411 ,173389 ,0 ,140829 ,0 ,5158 ,1519 ,196840 ,3294 ,3997 ,75762 ,75762 ,0 ,0 ,0 ,7734 ,33017 ,179503 ,337027 ,0 ,57733 ,9258341 ,336 ,9283 ,83645 ,357634 ,323 ,71895 ,18758 ,366499 ,119445 ,1827889 ,4033 ,8535 ,3952 ,12273 ,4156 ,1086 ,2887 ,2491 ,0 ,21552 ,2053 ,910 ,6858 ,0 ,575201 ,5669 ,0 ,110687 ,1037139 ,803280 ,3243 ,2202068 ,0 ,26195 ,9105 ,5594 ,10085 ,8845 ,0 ,262 ,95933 ,119545 ,565815 ,1239 ,7585 ,0 ,13738 ,15149 ,366607 ,7542 ,40747 ,8690 ,0 ,16331 ,80448 ,44273 ,205234 ,0 ,28375 ,109365 ,458 ,1225855 ,0 ,4770 ,749513 ,1458622 ,0 ,46498 ,0 ,3703 ,20491 ,0 ,5123 ,0 ,79499 ,37957 ,453468 ,29345 ,0 ,11473 ,20742 ,13421 ,849 ,17827 ,718973 ,8866879 ,301954 ,4736 ,167701 ,391 ,16113 ,10418 ,196546 ,1772 ,266715 ,0 ,0 ,141758 ,19552 ,0 ,172078 ,0 ,20777744 ,9977 ,127247 ,14650 ,17351 ,608 ,130019 ,10348 ,3355 ,22086 ,88842 ,1209823 ,15149 ,189006 ,2831 ,3993 ,19915 ,13523 ,0 ,396 ,92755 ,1162 ,4423 ,4423 ,10003169 ,1694430 ,304 ,8326 ,5526707 ,3048975 ,633464 ,1372 ,12619 ,29078 ,306826 ,1860 ,15478 ,0 ,3295 ,260690 ,0 ,18865 ,14636 ,377840 ,0 ,6441 ,4144108 ,33007 ,234086 ,3566999 ,253066 ,70935 ,7666 ,444 ,276585 ,1894 ,21472 ,0 ,2423 ,21401 ,2560 ,178 ,42518 ,261965 ,14811 ,0 ,13276 ,27645 ,1966858 ,1442 ,490 ,0 ,0 ,0 ,151393 ,21793 ,17042 ,50864 ,293443 ,471 ,1830155 ,2206 ,1927 ,550108522 ,6781 ,13083 ,0 ,11902 ,872027 ,784 ,0 ,10524 ,960683 ,1026 ,3422 ,0 ,66330 ,16898 ,0 ,0 ,3093 ,26024 ,865997 ,3332 ,182558 ,341320 ,0 ,6962 ,45441 ,7450 ,0 ,7365 ,546 ,170664 ,2274 ,93094 ,5326 ,1959029 ,5800 ,32710 ,12391 ,889 ,0 ,0 ,0 ,4423 ,1067 ,22378 ,29687 ,683 ,25721 ,68914 ,37393 ,982928 ,10910 ,0 ,7520 ,6086 ,2019 ,3357 ,1472790 ,49000 ,203192 ,0 ,0 ,2244191 ,5840 ,0 ,0 ,61936 ,211385 ,21392 ,76468 ,18769 ,0 ,6209 ,7046 ,731443 ,562 ,23655 ,38027 ,31075 ,18317 ,0 ,6727 ,8951 ,49403 ,5999 ,8206 ,2568 ,17520 ,5953 ,43106978 ,3166443 ,9502792 ,38700 ,1595719 ,3706820 ,93433 ,1191613 ,29597 ,888883 ,12999 ,18443 ,76723 ,260639 ,4665 ,3608 ,0 ,16432 ,821 ,3013 ,2396055 ,130317 ,82120 ,210817 ,4831 ,536 ,899333 ,41759 ,35844 ,2011365 ,0 ,11652 ,124826 ,9260 ,1858 ,0 ,62666 ,0 ,982 ,47659 ,279143 ,45910 ,55997 ,0 ,227982 ,0 ,11007 ,8295 ,0 ,62014 ,4416901 ,9427 ,132400 ,12672 ,273 ,3137 ,1329 ,0 ,164 ,46028 ,131578 ,12318982 ,57548 ,22564 ,737 ,80561 ,53661 ,55505 ,7307 ,112190 ,13535 ,48355 ,43555 ,11536 ,16254 ,1626008 ,56383 ,0 ,53390 ,229501 ,382941 ,262712 ,2365 ,4818 ,3881 ,580360 ,456836 ,1383088 ,10271 ,4232 ,219315 ,1111706 ,10989 ,79146 ,3951 ,310331 ,494492 ,23960 ,2377 ,0 ,345 ,156751 ,394077 ,37243 ,13261 ,160992 ,39455 ,161589 ,125869 ,7456 ,266613 ,5215 ,962 ,158066 ,12151627 ,7046 ,677 ,1164 ,305180 ,7536 ,9246012 ,17830 ,305350 ,261867 ,39263 ,10981 ,15452 ,6601 ,166471 ,3585 ,97020 ,492267 ,741 ,37743 ,0 ,5791 ,132096 ,0 ,31534 ,48368 ,11395 ,4430569 ,6265974 ,24097 ,4332042 ,0 ,39726 ,20926 ,1661 ,0 ,3943 ,26635 ,496 ,1586748 ,22028 ,118 ,11632 ,68992 ,12693 ,234594 ,0 ,0 ,225217 ,29380 ,0 ,57250 ,8244 ,2922 ,1966330 ,78565 ,0 ,1961473 ,104381 ,6524 ,0 ,33654 ,66391 ,24368 ,6535 ,18134 ,103763 ,27548 ,102 ,0 ,9865 ,18080 ,18080 ,3105518 ,52231 ,16360 ,1362 ,504887 ,1303156074 ,13901 ,3905 ,7141 ,488 ,71622 ,1933 ,2564 ,0 ,1772241 ,8114 ,42873 ,87328 ,0 ,76191 ,22197 ,469 ,0 ,11297 ,11901 ,693229 ,226833 ,0 ,0 ,15454 ,36556 ,1597 ,136 ,1742 ,208062 ,509 ,0 ,0 ,16384 ,112843 ,123186 ,8235 ,59613 ,57640 ,105616 ,46572 ,17294 ,0 ,273146 ,5794 ,219089 ,11362 ,8700 ,3174 ,3599 ,0 ,103505 ,1360 ,469 ,1173096 ,148655 ,1190 ,760 ,152379 ,2295 ,0 ,6677 ,0 ,8237 ,121400 ,102308 ,22150 ,5313 ,0 ,17634 ,57427 ,211917 ,403 ,0 ,881 ,3763 ,25957 ,56426 ,0 ,732 ,41016 ,571534 ,7710 ,0 ,0 ,1652 ,302289 ,0 ,2019795 ,0 ,29857 ,2784 ,38795 ,10070 ,0 ,0 ,752392 ,97762 ,23903 ,9637 ,0 ,223067 ,138600 ,247 
2020-03-01,551210 ,2 ,5666 ,1039 ,0 ,47248 ,24664 ,2628 ,0 ,0 ,0 ,0 ,83744 ,14296 ,11158 ,14191 ,53920 ,0 ,1922 ,379522 ,53543 ,5195 ,13062 ,26417 ,23766 ,113855 ,81258 ,2897058 ,0 ,0 ,0 ,18063 ,301271 ,36054 ,3207 ,52438 ,0 ,301038 ,40360 ,42746 ,6912 ,18108 ,1603 ,16770 ,17995 ,34399 ,39141470 ,0 ,118513 ,66406 ,199 ,309710 ,5571 ,3741 ,3367923 ,10001 ,7400 ,3230 ,41345 ,63276811 ,811671 ,16612 ,11082 ,0 ,14852 ,335313 ,171130 ,1670 ,0 ,2512 ,50553 ,29739 ,3257587 ,14151 ,0 ,0 ,6091 ,3116 ,61431 ,61833 ,7984 ,657 ,160973 ,450 ,1567 ,10314 ,406183 ,29341 ,0 ,20298 ,2455 ,0 ,0 ,0 ,5921 ,0 ,6750485 ,396303 ,80 ,0 ,58801 ,1424 ,123159 ,0 ,48453 ,78970 ,3631 ,307085 ,21632 ,1157 ,470910 ,130826 ,4818 ,15530 ,163806 ,0 ,458105 ,1994413 ,71912 ,3602 ,431929 ,4449 ,29924 ,14867 ,1691 ,9339 ,188959 ,384668 ,1017 ,0 ,0 ,4503 ,0 ,405860 ,12716 ,1395840 ,38696 ,14861 ,140355 ,1209 ,16920 ,65376 ,88081 ,4511 ,493 ,5695 ,230 ,7931785 ,45482 ,105487 ,89494 ,83699 ,0 ,50849 ,163607 ,5442 ,302154 ,8030 ,0 ,585760 ,514 ,46779 ,28238 ,4533 ,839 ,406278 ,30811 ,1047035 ,9106 ,1282 ,776 ,0 ,1591 ,0 ,1077 ,0 ,30441 ,54805 ,656685 ,6628 ,2551 ,2109711 ,18821 ,41405 ,529 ,34808 ,27477 ,1007 ,263478 ,0 ,199 ,1034 ,20277 ,0 ,26524 ,50160 ,545 ,15039 ,0 ,0 ,342457 ,1817 ,3705 ,0 ,957892 ,52590 ,0 ,733 ,113490 ,793 ,14140 ,12207 ,6859 ,13889 ,30015 ,70184 ,33277 ,199 ,37745 ,29752 ,182941 ,221513 ,0 ,97198 ,187061 ,0 ,0 ,2457 ,0 ,0 ,6341 ,0 ,759482 ,174210 ,3437 ,76038 ,2744 ,5581 ,52822 ,92100 ,1581052 ,538306 ,0 ,17257 ,80270 ,793735 ,12859 ,0 ,0 ,54266 ,1855280 ,53637 ,0 ,0 ,9068 ,0 ,244262 ,146253 ,1137 ,0 ,1468214 ,69276 ,3769 ,0 ,0 ,794 ,7341 ,0 ,180439 ,0 ,0 ,7780 ,68700 ,15590 ,0 ,0 ,4495 ,302676 ,0 ,94 ,129988 ,1638 ,23236 ,60085 ,0 ,0 ,34568 ,0 ,1910799 ,19142 ,0 ,703856 ,2433 ,4228 ,3385 ,118377 ,3602 ,44610 ,41825 ,851 ,123 ,594659 ,49904 ,2814 ,37917 ,44751 ,2127 ,0 ,131208 ,21712 ,0 ,13299 ,1102223 ,3094 ,14147 ,7816 ,10072 ,1188 ,0 ,731 ,0 ,462 ,0 ,47 ,12397 ,94595 ,5746 ,3560 ,1366 ,28975 ,13153 ,37839 ,2723846 ,23957 ,120063 ,3268 ,2348344 ,2740486 ,960402 ,185647 ,0 ,151449 ,2827978 ,30137 ,970 ,3719 ,3303099 ,8815 ,0 ,4390 ,49260 ,86824 ,2008 ,2524 ,112666 ,1343 ,133484 ,36453 ,0 ,59907 ,3899 ,1338 ,103003 ,833502 ,354368 ,870137 ,10970 ,24655 ,2639 ,0 ,0 ,0 ,727652 ,8203 ,0 ,0 ,190253 ,0 ,1888641 ,1172 ,898 ,0 ,0 ,0 ,12679888 ,10329 ,15105 ,986390 ,0 ,45482 ,32441 ,9971 ,0 ,30620 ,2128 ,36508 ,6918 ,192426 ,18297 ,10847 ,26809 ,297 ,37110 ,66402 ,30691 ,27087 ,389206 ,288294 ,0 ,10788 ,2362783 ,0 ,4708 ,46314 ,0 ,16051 ,0 ,33115 ,52234 ,0 ,6633 ,748 ,91160 ,2701 ,0 ,0 ,0 ,722 ,0 ,0 ,103257 ,10431 ,27464 ,5822 ,28060 ,11422 ,9819 ,30847 ,0 ,0 ,42135 ,2149 ,10202 ,0 ,1218 ,10003 ,96168 ,31423 ,8581658 ,2446 ,17817 ,1767 ,9590 ,231038 ,22119 ,0 ,2674 ,11183 ,1648 ,115455 ,0 ,3332 ,7281 ,65774 ,0 ,190759 ,11209 ,58752 ,1599214 ,0 ,68080 ,58749 ,2888 ,7757 ,342862 ,0 ,4755 ,123 ,8288 ,30721 ,63758 ,0 ,73572 ,35997 ,32223 ,261 ,5468 ,0 ,0 ,3304 ,4614 ,701506 ,146628 ,0 ,19204 ,39066 ,5959 ,36835 ,55536 ,32628 ,236857 ,159122 ,11523 ,1330 ,262597 ,1108806 ,1813 ,566444 ,21945 ,10832 ,8890 ,4875 ,2827898 ,39210 ,511 ,6506 ,0 ,188319 ,2953 ,0 ,10557 ,47296 ,14009 ,78352 ,431953 ,0 ,21213 ,12737 ,9598 ,5098 ,55282 ,13448 ,3856 ,17780 ,28825 ,54464 ,0 ,46945 ,128160 ,156526 ,1902 ,1902 ,0 ,10723 ,51145 ,2880 ,267728 ,1686 ,104180 ,307 ,200366 ,0 ,176416 ,0 ,8261 ,1745 ,204203 ,7178 ,2836 ,19502 ,19502 ,0 ,0 ,0 ,7259 ,43158 ,97965 ,342212 ,0 ,99623 ,9373502 ,2755 ,2064 ,74669 ,376955 ,287 ,67629 ,15582 ,337372 ,121690 ,1593367 ,4383 ,8564 ,5067 ,17340 ,2849 ,1093 ,925 ,0 ,0 ,21452 ,4096 ,842 ,8323 ,644 ,601571 ,8726 ,5615 ,140560 ,960358 ,767481 ,22457 ,2410571 ,0 ,38204 ,6117 ,2283 ,6357 ,10407 ,0 ,0 ,60418 ,117992 ,449328 ,1181 ,12511 ,0 ,7624 ,26510 ,403636 ,9936 ,29794 ,8665 ,0 ,12429 ,73730 ,42916 ,93179 ,0 ,29656 ,97216 ,0 ,1014133 ,0 ,5975 ,732785 ,1962866 ,0 ,29471 ,0 ,4511 ,21772 ,0 ,5915 ,0 ,33053 ,23254 ,408893 ,17157 ,0 ,12228 ,19505 ,42081 ,3140 ,27337 ,459094 ,8186827 ,530830 ,6989 ,176490 ,0 ,32074 ,15983 ,174495 ,1033 ,246029 ,0 ,0 ,116726 ,13606 ,0 ,161454 ,689 ,18124189 ,4151 ,129240 ,19184 ,75647 ,0 ,170865 ,34339 ,0 ,26275 ,48314 ,1194017 ,15195 ,199182 ,12595 ,8928 ,11759 ,17842 ,0 ,1797 ,99052 ,2451 ,4100 ,4100 ,7943233 ,2075032 ,327 ,10582 ,5607594 ,3180966 ,523148 ,560 ,27298 ,34217 ,289846 ,4608 ,15161 ,0 ,12754 ,217691 ,0 ,17964 ,9974 ,394580 ,0 ,5381 ,3840696 ,27803 ,216635 ,3211034 ,220186 ,54035 ,7405 ,255 ,261498 ,10477 ,12446 ,0 ,1784 ,15808 ,797 ,0 ,54609 ,263856 ,17238 ,0 ,13476 ,29133 ,2055365 ,0 ,953 ,0 ,0 ,0 ,125094 ,31058 ,6878 ,82352 ,194979 ,4004 ,1719005 ,11910 ,3043 ,513928310 ,35561 ,13700 ,0 ,4239 ,651220 ,1241 ,0 ,7399 ,1010879 ,183 ,3270 ,0 ,112958 ,16020 ,0 ,0 ,3451 ,23129 ,674889 ,5500 ,302043 ,390142 ,944 ,3102 ,25459 ,3943 ,0 ,5542 ,2544 ,93895 ,0 ,123554 ,10062 ,1626052 ,5381 ,24936 ,16645 ,3900 ,0 ,0 ,0 ,3577 ,2068 ,4095 ,34698 ,1342 ,22151 ,59011 ,41502 ,1030488 ,8976 ,0 ,9944 ,0 ,0 ,3106 ,1157741 ,56255 ,198431 ,0 ,0 ,2067835 ,4643 ,0 ,0 ,34630 ,212424 ,29012 ,64089 ,14541 ,122 ,5177 ,7600 ,677634 ,3132 ,19685 ,37634 ,34017 ,23206 ,944 ,4753 ,8933 ,60117 ,5502 ,9593 ,1012 ,19321 ,16126 ,42908109 ,2810342 ,9594770 ,27417 ,1681148 ,3540709 ,76785 ,1343254 ,3512 ,1008507 ,5960 ,6584 ,76707 ,247515 ,3096 ,352 ,0 ,5966 ,7655 ,5522 ,2043530 ,158743 ,79597 ,180552 ,5948 ,0 ,967316 ,41487 ,42630 ,1941382 ,0 ,10444 ,105001 ,7703 ,327 ,0 ,37093 ,0 ,0 ,32579 ,109908 ,30145 ,52633 ,0 ,190065 ,0 ,9973 ,61486 ,0 ,57078 ,4060538 ,8348 ,213795 ,33523 ,576 ,7321 ,1304 ,0 ,123 ,35800 ,178367 ,10968088 ,87994 ,18849 ,1789 ,80616 ,18010 ,55910 ,4379 ,121639 ,34274 ,35788 ,36207 ,11867 ,19941 ,1620712 ,35763 ,0 ,53247 ,216587 ,280175 ,192521 ,9358 ,3054 ,4738 ,553868 ,1032879 ,2638919 ,51481 ,9568 ,220732 ,1172501 ,9800 ,44675 ,5622 ,324748 ,517003 ,814 ,1279 ,977 ,0 ,156329 ,370824 ,27458 ,19192 ,168368 ,32718 ,166380 ,129537 ,12891 ,222047 ,811 ,975 ,201982 ,12209792 ,7600 ,1074 ,5540 ,261700 ,4972 ,5763795 ,20913 ,177323 ,330459 ,49680 ,24515 ,10407 ,5331 ,83091 ,1669 ,78237 ,388396 ,0 ,44990 ,0 ,587 ,72707 ,0 ,32499 ,42262 ,0 ,4770322 ,5934497 ,17057 ,4102561 ,0 ,43228 ,4 ,654 ,0 ,18258 ,20242 ,3446 ,1742480 ,36853 ,123 ,27162 ,33372 ,11006 ,185673 ,0 ,0 ,227094 ,18760 ,1910 ,87749 ,5075 ,3746 ,2728457 ,71418 ,0 ,1986597 ,43393 ,12179 ,0 ,27813 ,48500 ,17339 ,8292 ,14660 ,90221 ,41604 ,270 ,0 ,34853 ,11320 ,11320 ,2526707 ,31283 ,34205 ,0 ,293141 ,1217055079 ,19868 ,3754 ,6463 ,1257 ,65746 ,3086 ,4171 ,0 ,1272525 ,7094 ,38533 ,111781 ,0 ,61238 ,25017 ,614 ,851 ,3291 ,3774 ,655807 ,171586 ,0 ,0 ,17388 ,34225 ,2877 ,1801 ,694 ,177681 ,0 ,0 ,0 ,2427 ,146469 ,134318 ,23350 ,43955 ,35648 ,82655 ,41837 ,4119 ,0 ,212826 ,9025 ,191843 ,18193 ,13670 ,1276 ,1629 ,0 ,93044 ,261 ,10145 ,651699 ,110790 ,1215 ,342 ,120540 ,3535 ,0 ,5528 ,0 ,9808 ,150751 ,88628 ,28849 ,2223 ,0 ,5805 ,52596 ,226005 ,113 ,0 ,0 ,27 ,15276 ,13718 ,0 ,4609 ,65448 ,475836 ,1046 ,0 ,0 ,171 ,314638 ,0 ,1956818 ,0 ,23944 ,4595 ,29090 ,3652 ,0 ,0 ,750886 ,106396 ,17271 ,19033 ,0 ,196183 ,131363 ,0 
2020-04-01,380430 ,0 ,414 ,0 ,0 ,49896 ,14671 ,8150 ,0 ,0 ,0 ,0 ,83418 ,11688 ,18231 ,13908 ,64539 ,0 ,0 ,482249 ,47661 ,477 ,23137 ,36899 ,15655 ,128587 ,133544 ,1473155 ,0 ,0 ,0 ,11575 ,351721 ,62152 ,3449 ,42937 ,835 ,296467 ,78215 ,59330 ,12632 ,436 ,1261 ,19115 ,21153 ,71735 ,43978613 ,0 ,166743 ,56635 ,1314 ,280599 ,3996 ,6351 ,3309249 ,8237 ,13805 ,2230 ,12804 ,65793449 ,708888 ,15320 ,2157 ,256 ,13493 ,234405 ,136094 ,805 ,0 ,767 ,28953 ,51594 ,4227674 ,30073 ,0 ,9080 ,0 ,0 ,59108 ,60818 ,19146 ,0 ,195550 ,2159 ,3900 ,5733 ,425154 ,36987 ,0 ,15322 ,0 ,0 ,0 ,0 ,9428 ,0 ,7651032 ,427857 ,374 ,0 ,51138 ,380 ,127527 ,0 ,66212 ,83920 ,3249 ,296283 ,34465 ,1226 ,420592 ,145454 ,3699 ,14760 ,188316 ,0 ,429347 ,850603 ,62047 ,3916 ,510327 ,3548 ,39611 ,59835 ,0 ,8670 ,194016 ,316153 ,3067 ,0 ,961 ,3049 ,0 ,438376 ,7557 ,1430723 ,52975 ,14851 ,192670 ,1181 ,18618 ,82032 ,74131 ,8826 ,945 ,6376 ,0 ,7883449 ,59361 ,153722 ,51809 ,63919 ,0 ,35081 ,140441 ,0 ,307035 ,9907 ,0 ,577172 ,0 ,25959 ,61008 ,7395 ,0 ,264878 ,35455 ,999582 ,1044 ,637 ,0 ,0 ,3276 ,0 ,1070 ,0 ,35835 ,65943 ,582023 ,5356 ,4639 ,2624506 ,31992 ,76333 ,298 ,32958 ,22402 ,4325 ,190157 ,59 ,0 ,1164 ,7059 ,0 ,20425 ,83716 ,786 ,8214 ,944 ,0 ,286397 ,0 ,3823 ,0 ,955396 ,42768 ,0 ,3732 ,130317 ,3254 ,5614 ,16926 ,3057 ,21079 ,18216 ,68375 ,23885 ,2573 ,24717 ,21895 ,151597 ,222296 ,714 ,136550 ,149425 ,0 ,0 ,1465 ,0 ,0 ,8424 ,0 ,756030 ,154597 ,3514 ,57822 ,2570 ,10224 ,37655 ,82803 ,1660168 ,558454 ,0 ,13158 ,47767 ,943119 ,16498 ,0 ,0 ,50324 ,1982976 ,59507 ,0 ,0 ,7795 ,0 ,260453 ,169651 ,771 ,1186 ,1462310 ,80651 ,4374 ,0 ,0 ,1971 ,8172 ,8420 ,191926 ,0 ,0 ,6269 ,59976 ,23193 ,0 ,0 ,2211 ,305554 ,0 ,1967 ,156660 ,2112 ,16182 ,47249 ,0 ,0 ,21572 ,0 ,1990630 ,13048 ,0 ,792652 ,661 ,10122 ,6707 ,99677 ,3588 ,25595 ,44537 ,845 ,258 ,360508 ,70891 ,1583 ,53571 ,74522 ,5355 ,0 ,119768 ,30868 ,0 ,6261 ,1053807 ,2323 ,23265 ,3347 ,7401 ,2495 ,0 ,1810 ,0 ,937 ,24 ,396 ,10553 ,116379 ,1719 ,2537 ,1291 ,38867 ,12521 ,42870 ,2646017 ,16045 ,130038 ,3380 ,2338728 ,2524800 ,801956 ,252660 ,0 ,114346 ,2854380 ,21986 ,0 ,3300 ,3136494 ,21004 ,0 ,4281 ,47553 ,84733 ,0 ,0 ,127321 ,0 ,114456 ,45719 ,0 ,51890 ,0 ,1085 ,105922 ,741924 ,390994 ,926295 ,14300 ,17649 ,3796 ,0 ,0 ,0 ,660923 ,2729 ,0 ,0 ,211460 ,0 ,1758731 ,1212 ,1346 ,0 ,0 ,0 ,12715400 ,6244 ,11414 ,608803 ,0 ,59361 ,3892 ,5861 ,0 ,14847 ,8811 ,68549 ,2243 ,221076 ,25563 ,9997 ,23834 ,472 ,30113 ,53581 ,82796 ,29215 ,358824 ,301759 ,0 ,4858 ,2513579 ,0 ,8531 ,39046 ,0 ,17129 ,0 ,36985 ,95108 ,0 ,0 ,7164 ,104616 ,5462 ,0 ,0 ,0 ,776 ,0 ,963 ,93180 ,6342 ,27958 ,21832 ,13467 ,7756 ,2480 ,19866 ,2266 ,2839 ,44865 ,6309 ,1564 ,3087 ,1278 ,13514 ,84099 ,12855 ,8647992 ,4856 ,23451 ,868 ,2338 ,279455 ,17186 ,0 ,2578 ,5690 ,0 ,99667 ,0 ,8282 ,2791 ,101472 ,0 ,149233 ,11301 ,85988 ,1459931 ,0 ,102166 ,23054 ,2709 ,2415 ,342280 ,0 ,13247 ,120 ,13433 ,27522 ,73774 ,0 ,67452 ,41120 ,4424 ,714 ,1117 ,0 ,0 ,1334 ,5208 ,623117 ,133941 ,698 ,18552 ,49596 ,2101 ,25294 ,74085 ,22784 ,169222 ,167351 ,2225 ,0 ,236693 ,1106559 ,2131 ,750557 ,27597 ,8242 ,68702 ,8127 ,2829942 ,41793 ,1169 ,6964 ,0 ,212425 ,5653 ,0 ,24233 ,27919 ,15579 ,112830 ,395850 ,0 ,26324 ,8857 ,25865 ,28011 ,89340 ,9233 ,4786 ,17829 ,26371 ,36940 ,0 ,49367 ,124201 ,180855 ,1570 ,1570 ,0 ,14091 ,40813 ,0 ,270842 ,5101 ,73477 ,1090 ,212385 ,0 ,229211 ,0 ,5618 ,0 ,217361 ,9111 ,1951 ,24825 ,24825 ,0 ,0 ,11468 ,2480 ,58768 ,112634 ,344842 ,0 ,47436 ,12684832 ,1657 ,13046 ,57082 ,315235 ,1399 ,74295 ,18800 ,393689 ,130705 ,1839667 ,4557 ,8271 ,3183 ,15433 ,10460 ,1211 ,0 ,0 ,70 ,26206 ,3685 ,3269 ,15094 ,2462 ,591332 ,10979 ,0 ,123788 ,946654 ,754703 ,3905 ,2356779 ,0 ,40920 ,1871 ,9965 ,10013 ,5919 ,0 ,0 ,22418 ,101922 ,604923 ,704 ,13341 ,0 ,10037 ,19871 ,342639 ,4729 ,27423 ,6798 ,0 ,18844 ,60661 ,33642 ,85858 ,0 ,25945 ,127905 ,0 ,873330 ,0 ,18952 ,724324 ,2074071 ,0 ,21297 ,0 ,8826 ,6359 ,0 ,8136 ,0 ,43295 ,26641 ,455343 ,27997 ,0 ,3829 ,15145 ,15494 ,1196 ,19016 ,603841 ,9101658 ,321933 ,5719 ,197430 ,0 ,28193 ,21884 ,130478 ,1538 ,206258 ,0 ,0 ,68215 ,18377 ,0 ,175124 ,0 ,19867327 ,0 ,112919 ,6256 ,28181 ,0 ,189346 ,20152 ,0 ,31971 ,39653 ,1145200 ,18808 ,209075 ,1925 ,3110 ,15185 ,12591 ,2989 ,0 ,98012 ,1404 ,7460 ,7460 ,6508330 ,1855273 ,103 ,12214 ,5653789 ,3268224 ,494414 ,627 ,46318 ,51863 ,277073 ,4559 ,21619 ,0 ,7769 ,206218 ,0 ,42552 ,5476 ,348863 ,0 ,6322 ,3653184 ,28176 ,169202 ,4010547 ,177405 ,55702 ,0 ,1746 ,520249 ,15260 ,2198 ,3354 ,5718 ,12330 ,780 ,0 ,73444 ,241967 ,20917 ,5190 ,9115 ,33170 ,2071454 ,0 ,3660 ,0 ,0 ,0 ,98614 ,16631 ,5726 ,61050 ,226871 ,3782 ,1655683 ,4752 ,606 ,522125653 ,41408 ,12761 ,2368 ,5771 ,685668 ,0 ,0 ,10780 ,967691 ,535 ,2340 ,0 ,135096 ,5328 ,2335 ,0 ,1990 ,28728 ,780383 ,9186 ,166807 ,387455 ,1739 ,3477 ,25297 ,4823 ,0 ,3807 ,0 ,52724 ,0 ,176086 ,6174 ,1649706 ,4642 ,30260 ,63892 ,1171 ,0 ,4335 ,17153 ,2404 ,13502 ,8559 ,18604 ,0 ,21322 ,88451 ,34879 ,998775 ,8577 ,484 ,7731 ,0 ,0 ,6396 ,1225404 ,39898 ,191382 ,0 ,0 ,2012219 ,5327 ,0 ,0 ,31760 ,184116 ,23951 ,56698 ,15254 ,168 ,7783 ,6067 ,707216 ,2779 ,8793 ,23777 ,25459 ,15149 ,714 ,5487 ,7200 ,66729 ,6218 ,3891 ,1262 ,7310 ,4846 ,42978128 ,3366629 ,9914432 ,37018 ,1605031 ,3630701 ,87497 ,1459408 ,27940 ,918387 ,6652 ,741 ,63016 ,203640 ,3704 ,506 ,0 ,18343 ,1437 ,1750 ,2217914 ,129740 ,90992 ,180040 ,2881 ,0 ,872150 ,34379 ,44243 ,1737485 ,0 ,15076 ,68085 ,10660 ,2130 ,0 ,32883 ,0 ,0 ,39169 ,205116 ,44882 ,56754 ,0 ,156711 ,0 ,13996 ,70346 ,0 ,56133 ,4121428 ,46623 ,205200 ,42439 ,4014 ,811 ,120 ,0 ,504 ,69534 ,161963 ,10828304 ,98120 ,12464 ,8185 ,69909 ,17766 ,52923 ,4283 ,125936 ,31824 ,30110 ,74713 ,15421 ,12960 ,1517499 ,13475 ,0 ,46133 ,166046 ,253465 ,186384 ,27100 ,5035 ,4574 ,613901 ,1588521 ,3665486 ,45868 ,28801 ,198453 ,1109989 ,2382 ,23912 ,8645 ,315502 ,495689 ,0 ,1269 ,1048 ,0 ,174917 ,341263 ,31014 ,24931 ,190174 ,30075 ,151254 ,122178 ,7261 ,226054 ,0 ,664 ,177758 ,12330957 ,6067 ,0 ,5830 ,200742 ,18915 ,7460171 ,15443 ,200662 ,304814 ,43646 ,14052 ,8244 ,13703 ,143614 ,1653 ,82078 ,394937 ,0 ,36185 ,0 ,357 ,68707 ,16439 ,11489 ,35012 ,0 ,5165447 ,5748156 ,14490 ,4221268 ,0 ,23503 ,3999 ,8047 ,581 ,28182 ,17426 ,7153 ,1859406 ,60517 ,191 ,10402 ,26972 ,6737 ,198544 ,320 ,0 ,227174 ,19451 ,0 ,79238 ,4790 ,6302 ,2744248 ,90294 ,0 ,2041361 ,84798 ,76935 ,0 ,32038 ,50894 ,21947 ,6340 ,18730 ,104367 ,33671 ,344 ,0 ,7607 ,7805 ,7805 ,2180384 ,24783 ,24561 ,0 ,289445 ,1201639319 ,22416 ,23906 ,5116 ,0 ,84355 ,2393 ,1791 ,0 ,1389881 ,5919 ,53640 ,117929 ,114 ,73304 ,13320 ,0 ,1070 ,3569 ,8586 ,668438 ,187617 ,994 ,0 ,13585 ,33730 ,10397 ,3818 ,2978 ,172467 ,1590 ,769 ,0 ,1736 ,121825 ,154362 ,19080 ,11136 ,69530 ,71829 ,37176 ,3029 ,0 ,208960 ,12078 ,181235 ,56135 ,8282 ,9654 ,2078 ,0 ,73075 ,1085 ,74 ,777558 ,84587 ,634 ,1118 ,128350 ,4604 ,0 ,6154 ,0 ,3554 ,126230 ,135662 ,29533 ,2569 ,0 ,5872 ,45989 ,225121 ,1267 ,0 ,0 ,0 ,44819 ,14091 ,1886 ,2302 ,49524 ,446223 ,2474 ,0 ,0 ,219 ,305626 ,0 ,1966933 ,0 ,31530 ,6260 ,39194 ,606 ,0 ,465 ,678736 ,88499 ,17662 ,26177 ,0 ,185621 ,115339 ,0 
2020-05-01,335914 ,0 ,5265 ,0 ,0 ,13386 ,43273 ,5390 ,0 ,8078 ,0 ,0 ,66123 ,13808 ,29189 ,27939 ,1784 ,0 ,0 ,484700 ,72893 ,1195 ,33863 ,37988 ,38808 ,177837 ,180266 ,1037472 ,2543 ,0 ,0 ,42110 ,424513 ,68211 ,2494 ,70442 ,2346 ,293265 ,42017 ,75533 ,5073 ,21733 ,3105 ,36016 ,29143 ,65304 ,54196065 ,0 ,215646 ,73382 ,1918 ,332701 ,2275 ,50616 ,3507660 ,9993 ,23553 ,33821 ,12525 ,66660526 ,716826 ,23096 ,899 ,606 ,12799 ,249660 ,158947 ,1035 ,0 ,1210 ,33526 ,35473 ,4837416 ,53874 ,0 ,10193 ,0 ,0 ,65984 ,64727 ,13580 ,0 ,328173 ,71157 ,10647 ,3135 ,464135 ,40245 ,0 ,9567 ,0 ,0 ,55191 ,6967 ,9508 ,0 ,8282930 ,398238 ,1147 ,0 ,68677 ,50 ,167719 ,1962 ,72910 ,61263 ,7565 ,280630 ,37554 ,8201 ,405740 ,67533 ,5494 ,18036 ,188535 ,0 ,401948 ,542187 ,57968 ,9188 ,512853 ,5333 ,79146 ,6438 ,0 ,4551 ,319105 ,282899 ,400 ,0 ,7981 ,3072 ,0 ,438764 ,6696 ,1467256 ,20762 ,30029 ,256259 ,579 ,31446 ,95870 ,82479 ,3276 ,412 ,15699 ,0 ,7462014 ,36753 ,99423 ,43598 ,69111 ,0 ,54782 ,195213 ,0 ,329959 ,8924 ,0 ,717963 ,0 ,19387 ,89919 ,17477 ,0 ,605217 ,40336 ,874430 ,1069 ,3162 ,0 ,1941 ,15703 ,706 ,1090 ,0 ,32854 ,48799 ,580240 ,18952 ,3896 ,3237111 ,15765 ,34749 ,1164 ,49096 ,13939 ,56818 ,196845 ,659 ,0 ,5404 ,7055 ,271 ,4995 ,72353 ,1874 ,9479 ,3573 ,0 ,220035 ,0 ,2750 ,737 ,967242 ,41334 ,8759 ,12065 ,54766 ,2406 ,15180 ,18123 ,13111 ,39327 ,48525 ,64977 ,17074 ,2043 ,38872 ,26658 ,185896 ,219493 ,478 ,115913 ,158856 ,5020 ,0 ,2163 ,0 ,9859 ,7749 ,0 ,766921 ,146738 ,3888 ,72876 ,5329 ,8165 ,55893 ,107821 ,2165093 ,514476 ,4136 ,7352 ,60528 ,975519 ,15832 ,2417 ,0 ,94712 ,1997419 ,67004 ,0 ,0 ,4797 ,5388 ,217578 ,192698 ,306 ,13518 ,1353670 ,66809 ,3278 ,0 ,5268 ,1967 ,3616 ,9835 ,175216 ,0 ,0 ,12237 ,152869 ,22265 ,1137 ,10362 ,864 ,170393 ,1819 ,5445 ,135402 ,7017 ,29192 ,111911 ,0 ,0 ,24219 ,5806 ,1897278 ,52787 ,0 ,821131 ,968 ,18299 ,19994 ,97137 ,7842 ,68400 ,6844 ,16565 ,936 ,274171 ,102437 ,11748 ,45830 ,112899 ,5108 ,0 ,123382 ,24276 ,0 ,11432 ,998446 ,4672 ,31868 ,17977 ,21274 ,3542 ,0 ,368 ,1996 ,6891 ,192 ,748 ,2972 ,82183 ,4830 ,4854 ,8790 ,77671 ,13064 ,50688 ,2557263 ,19054 ,125924 ,49637 ,2221920 ,2486065 ,844020 ,283206 ,5732 ,112707 ,2874957 ,28051 ,0 ,893 ,2684394 ,5212 ,153 ,3526 ,53585 ,83942 ,0 ,0 ,90682 ,0 ,125714 ,68137 ,1748 ,57210 ,0 ,3071 ,127232 ,746047 ,528197 ,923179 ,12009 ,18001 ,6296 ,0 ,0 ,7510 ,663963 ,16761 ,0 ,0 ,128528 ,0 ,1729897 ,8711 ,25313 ,0 ,0 ,0 ,12458293 ,13229 ,12569 ,496173 ,0 ,36753 ,6873 ,3707 ,0 ,17523 ,5864 ,51568 ,13369 ,272949 ,66107 ,9387 ,31890 ,6122 ,55352 ,48910 ,82095 ,42708 ,299051 ,278765 ,0 ,28984 ,2786889 ,526 ,12134 ,68341 ,0 ,19636 ,8548 ,47845 ,86078 ,2070 ,0 ,2694 ,77039 ,6319 ,1076 ,3035 ,0 ,1525 ,4790 ,4301 ,126459 ,10396 ,34783 ,27843 ,45223 ,12263 ,3573 ,24009 ,8289 ,7831 ,31630 ,6189 ,3452 ,5203 ,1412 ,64739 ,87426 ,11732 ,8539141 ,16838 ,42001 ,1328 ,3871 ,327682 ,10971 ,0 ,2308 ,6462 ,0 ,57775 ,349 ,26980 ,6978 ,108966 ,0 ,185102 ,10955 ,162876 ,1276733 ,0 ,103636 ,41362 ,1844 ,9727 ,346385 ,0 ,23116 ,372 ,25906 ,44281 ,136324 ,0 ,58252 ,122538 ,2044 ,2990 ,10002 ,0 ,0 ,6275 ,4865 ,594493 ,148999 ,7808 ,12179 ,50206 ,3035 ,26741 ,59542 ,82976 ,148405 ,169166 ,4377 ,0 ,289921 ,1101760 ,4252 ,786875 ,87332 ,11005 ,2622 ,6711 ,2736284 ,33476 ,24141 ,22196 ,2699 ,166612 ,14581 ,10797 ,74370 ,55904 ,18980 ,114068 ,455107 ,5071 ,15752 ,18680 ,39969 ,1574 ,117034 ,17850 ,8441 ,21298 ,22681 ,145595 ,0 ,41117 ,122109 ,281789 ,673 ,673 ,0 ,22471 ,40443 ,0 ,214427 ,4717 ,77381 ,595 ,213479 ,0 ,216439 ,6256 ,0 ,0 ,185198 ,16859 ,2270 ,6914 ,6914 ,0 ,0 ,10530 ,3794 ,76454 ,97723 ,322481 ,0 ,19846 ,23246552 ,1667 ,23525 ,67712 ,329838 ,0 ,87230 ,13360 ,425783 ,88316 ,2161209 ,5331 ,8508 ,4304 ,20673 ,4665 ,0 ,0 ,0 ,3817 ,23270 ,9638 ,411 ,13484 ,8416 ,568285 ,25879 ,0 ,125102 ,957811 ,743551 ,10761 ,2230604 ,0 ,50397 ,6757 ,42991 ,8340 ,11063 ,0 ,0 ,82873 ,107307 ,640353 ,687 ,11562 ,0 ,10052 ,22128 ,312586 ,10638 ,38655 ,6711 ,0 ,47689 ,76789 ,111042 ,85979 ,0 ,34545 ,120421 ,5132 ,807311 ,0 ,23315 ,856406 ,367614 ,0 ,18534 ,0 ,3276 ,6698 ,0 ,13279 ,0 ,40721 ,32924 ,513617 ,25344 ,1784 ,2677 ,14315 ,70334 ,7555 ,53521 ,697064 ,9089846 ,169668 ,5136 ,179152 ,0 ,14569 ,12481 ,156671 ,1888 ,208754 ,0 ,0 ,91059 ,19373 ,2569 ,198952 ,0 ,20346003 ,0 ,121129 ,8456 ,84772 ,0 ,237556 ,9470 ,9216 ,46034 ,73478 ,1084091 ,14995 ,178725 ,2509 ,19697 ,30200 ,6046 ,0 ,0 ,85793 ,1427 ,7816 ,7816 ,8201616 ,1733807 ,436 ,11554 ,5605214 ,3181913 ,652042 ,288 ,54823 ,63372 ,134284 ,15974 ,27383 ,5009 ,26322 ,214520 ,0 ,51726 ,9757 ,326057 ,0 ,6274 ,2852187 ,24325 ,177500 ,3880863 ,166653 ,60810 ,0 ,1015 ,505676 ,20041 ,8885 ,572 ,4640 ,16391 ,3339 ,0 ,87428 ,214485 ,33948 ,1763 ,6942 ,40577 ,1960246 ,10515 ,3422 ,1187 ,4400 ,0 ,113631 ,23556 ,49507 ,73291 ,210109 ,7813 ,1875960 ,5437 ,1140 ,555247957 ,30183 ,11457 ,2642 ,4228 ,704322 ,0 ,0 ,11580 ,876778 ,2621 ,2379 ,0 ,132988 ,7241 ,22139 ,0 ,2034 ,51817 ,799545 ,17634 ,158566 ,355120 ,5629 ,14402 ,64804 ,6455 ,0 ,5694 ,0 ,126226 ,0 ,113685 ,4747 ,1599384 ,9010 ,57915 ,60003 ,2999 ,2673 ,5678 ,8061 ,10822 ,5721 ,7161 ,26161 ,0 ,23410 ,84660 ,39140 ,901301 ,13381 ,2548 ,17343 ,7928 ,5169 ,1193 ,1261399 ,58522 ,147952 ,0 ,2033 ,2060760 ,5316 ,0 ,0 ,29973 ,182453 ,78658 ,100873 ,16488 ,0 ,5606 ,3227 ,665252 ,1185 ,18302 ,36196 ,23249 ,17398 ,0 ,4079 ,29076 ,72972 ,1936 ,2868 ,1124 ,10321 ,4601 ,42271696 ,3430827 ,9707834 ,41817 ,1524367 ,3588849 ,89165 ,1573231 ,0 ,819671 ,6917 ,10868 ,63735 ,230994 ,3200 ,1527 ,914 ,24348 ,9007 ,1176 ,2284315 ,133658 ,70979 ,215711 ,5922 ,10736 ,950387 ,26303 ,37514 ,1621026 ,0 ,16409 ,111194 ,9135 ,3983 ,0 ,39686 ,0 ,8204 ,45640 ,204667 ,44880 ,62511 ,0 ,185980 ,0 ,11261 ,10530 ,0 ,48664 ,4097390 ,22050 ,317680 ,75499 ,4895 ,5717 ,881 ,0 ,737 ,87030 ,162780 ,10253678 ,115193 ,28806 ,1704 ,54877 ,34189 ,62160 ,1939 ,134849 ,69802 ,29253 ,110953 ,29432 ,10690 ,1468004 ,9085 ,0 ,63670 ,257005 ,280902 ,199219 ,30410 ,4826 ,6841 ,725261 ,1439987 ,3358959 ,93124 ,37096 ,242737 ,1064239 ,7652 ,43041 ,13520 ,314471 ,432975 ,0 ,9877 ,1797 ,2302 ,155598 ,374662 ,36828 ,36170 ,647010 ,25627 ,146787 ,127102 ,45363 ,210609 ,0 ,2048 ,172070 ,11982730 ,4020 ,0 ,12500 ,196455 ,13336 ,9226920 ,24835 ,229056 ,264580 ,36839 ,2870 ,20797 ,14726 ,148007 ,9264 ,92009 ,314085 ,2715 ,38345 ,0 ,9427 ,113735 ,4319 ,72327 ,104056 ,0 ,4977860 ,5460708 ,35275 ,4191573 ,0 ,20576 ,1907 ,5962 ,11721 ,59043 ,17392 ,7562 ,1939196 ,24281 ,346 ,13144 ,55607 ,13586 ,285263 ,1066 ,0 ,195239 ,25190 ,0 ,70338 ,5744 ,4545 ,2794569 ,114019 ,0 ,1965396 ,27461 ,27322 ,0 ,34652 ,43570 ,43481 ,5593 ,38354 ,83257 ,39814 ,1060 ,0 ,21481 ,35651 ,35651 ,3066444 ,5480 ,32330 ,0 ,401887 ,1268242091 ,27473 ,7059 ,8992 ,0 ,76495 ,6782 ,4621 ,0 ,1220300 ,37998 ,48383 ,112187 ,1829 ,71572 ,11692 ,0 ,1293 ,8062 ,14738 ,725026 ,226585 ,2749 ,7693 ,22299 ,24232 ,24111 ,3101 ,2578 ,178216 ,0 ,388 ,1221 ,2540 ,130700 ,234145 ,17935 ,72666 ,35674 ,108424 ,41515 ,3688 ,5391 ,237036 ,30843 ,178017 ,58817 ,15561 ,10178 ,2342 ,0 ,75392 ,3337 ,5852 ,765445 ,90211 ,3172 ,7252 ,135525 ,4346 ,0 ,5469 ,0 ,4593 ,132196 ,101315 ,12580 ,9675 ,0 ,9000 ,39926 ,226854 ,3499 ,0 ,0 ,0 ,27292 ,15155 ,3212 ,14002 ,51836 ,460279 ,2261 ,0 ,0 ,3045 ,361160 ,0 ,2104369 ,0 ,32011 ,4831 ,40438 ,1660 ,0 ,24793 ,668380 ,93955 ,20756 ,26581 ,1608 ,102964 ,116549 ,0 
2020-06-01,305517 ,0 ,356 ,3414 ,0 ,6312 ,26991 ,1512 ,3079 ,7937 ,7964 ,1245 ,81536 ,14670 ,26594 ,45887 ,1194 ,3279 ,46 ,469759 ,31448 ,2531 ,35827 ,36490 ,37304 ,120875 ,165414 ,575380 ,1168 ,899 ,3490 ,39886 ,348887 ,72256 ,2783 ,79864 ,433 ,265002 ,140547 ,85160 ,4082 ,17009 ,2519 ,16706 ,21853 ,32137 ,47026211 ,778 ,203864 ,81877 ,2002 ,390880 ,10372 ,9297 ,3550254 ,14476 ,12809 ,33115 ,13931 ,64367902 ,734565 ,14758 ,306 ,1095 ,10277 ,178105 ,157126 ,1499 ,9316 ,1540 ,34867 ,66559 ,4666260 ,28010 ,304 ,7350 ,5224 ,2271 ,67454 ,46723 ,19955 ,7892 ,326490 ,45816 ,11035 ,1640 ,436173 ,67154 ,4903 ,9254 ,1409 ,2091 ,26358 ,4679 ,3099 ,1163 ,8830858 ,357976 ,1225 ,1006 ,61161 ,50 ,145037 ,2642 ,91117 ,68136 ,7709 ,268490 ,38484 ,7039 ,393550 ,50770 ,6498 ,16819 ,179276 ,7060 ,295688 ,546357 ,47524 ,12190 ,629998 ,6937 ,25978 ,1165 ,7908 ,12074 ,325093 ,280817 ,1439 ,3959 ,6013 ,4985 ,1537 ,409149 ,4465 ,1449247 ,9995 ,34024 ,231752 ,1477 ,66531 ,76082 ,71825 ,9778 ,538 ,12475 ,6185 ,3605575 ,45416 ,86173 ,40849 ,65343 ,0 ,57629 ,224363 ,5145 ,283093 ,8384 ,5727 ,308268 ,3391 ,30407 ,68252 ,20228 ,2252 ,743008 ,27573 ,826357 ,3272 ,1593 ,916 ,3964 ,7970 ,250 ,1038 ,3192 ,63514 ,38879 ,546362 ,22741 ,1398 ,3211527 ,14816 ,16133 ,240 ,47664 ,15152 ,61750 ,166312 ,0 ,1919 ,5513 ,5793 ,610 ,7505 ,61213 ,77 ,22080 ,380 ,1421 ,349626 ,7013 ,4777 ,970 ,909446 ,31321 ,4308 ,6502 ,72942 ,1963 ,6714 ,13228 ,4124 ,61458 ,47864 ,70463 ,31041 ,0 ,32319 ,15110 ,176721 ,187081 ,1172 ,188616 ,135478 ,3934 ,2343 ,2653 ,2845 ,10799 ,5940 ,4831 ,668477 ,84842 ,3385 ,58309 ,5929 ,9857 ,49749 ,83342 ,2053305 ,508175 ,4640 ,10576 ,43032 ,927610 ,16598 ,1788 ,304 ,126282 ,2088860 ,54032 ,4029 ,759 ,4735 ,3408 ,165298 ,205181 ,263 ,8884 ,1453290 ,60842 ,5624 ,1802 ,2534 ,1117 ,4926 ,4695 ,142660 ,0 ,3655 ,11161 ,126349 ,17033 ,4261 ,4737 ,3516 ,144191 ,1315 ,2582 ,150996 ,1681 ,21758 ,100554 ,0 ,4386 ,20099 ,2097 ,1828840 ,44219 ,5369 ,802151 ,814 ,13510 ,22125 ,86008 ,5709 ,52973 ,2639 ,21253 ,1142 ,127882 ,111790 ,11040 ,25991 ,115981 ,7396 ,0 ,112897 ,19331 ,2257 ,8404 ,935221 ,6515 ,18559 ,18944 ,14237 ,5887 ,1362 ,543 ,1 ,3732 ,128 ,1266 ,2192 ,81947 ,4842 ,2329 ,7378 ,66700 ,9475 ,42295 ,2451850 ,15962 ,160939 ,33494 ,2102875 ,2445438 ,747193 ,373184 ,256 ,115343 ,2762760 ,12188 ,3611 ,1670 ,2522877 ,10968 ,535 ,1709 ,67427 ,65518 ,1506 ,1466 ,98123 ,3291 ,119249 ,60667 ,1819 ,54451 ,1341 ,6503 ,85781 ,809359 ,542859 ,912083 ,8978 ,17732 ,10826 ,121 ,0 ,5571 ,577687 ,22209 ,2367 ,237 ,125647 ,7312 ,1759858 ,3292 ,19798 ,2803 ,1793 ,1970 ,12465750 ,14923 ,13813 ,474125 ,5389 ,45416 ,11412 ,2170 ,449 ,19126 ,3455 ,43289 ,7757 ,176103 ,36855 ,16402 ,26412 ,7337 ,28669 ,48682 ,97266 ,99122 ,308011 ,243815 ,351 ,10151 ,2536509 ,0 ,12433 ,60533 ,345 ,14925 ,7422 ,43016 ,32447 ,2715 ,4200 ,4799 ,110665 ,4139 ,1774 ,2098 ,3331 ,1176 ,1559 ,6083 ,112906 ,10291 ,30646 ,22196 ,89714 ,23666 ,2272 ,30676 ,4164 ,7623 ,41129 ,3211 ,5542 ,4261 ,2043 ,35778 ,73226 ,15405 ,4055147 ,9413 ,38200 ,1204 ,11808 ,318932 ,11630 ,0 ,1440 ,10297 ,5246 ,58319 ,1824 ,16438 ,6091 ,63540 ,380 ,164752 ,4695 ,130933 ,1253556 ,2690 ,85372 ,41749 ,3234 ,16575 ,346113 ,229 ,28820 ,668 ,39501 ,17215 ,139250 ,728 ,51433 ,120645 ,254 ,744 ,6539 ,689 ,1187 ,3436 ,5907 ,569207 ,138895 ,2613 ,17086 ,42492 ,2000 ,21869 ,67392 ,69388 ,137819 ,160810 ,3421 ,708 ,417833 ,1028068 ,1824 ,780612 ,25915 ,14792 ,1079 ,11761 ,2687659 ,36238 ,17456 ,7999 ,4058 ,70260 ,7868 ,5186 ,40104 ,47187 ,16825 ,71802 ,459694 ,4250 ,13534 ,23805 ,11858 ,0 ,92401 ,23245 ,11252 ,36810 ,19497 ,110206 ,2243 ,20922 ,108341 ,212757 ,2426 ,2426 ,1228 ,23936 ,42845 ,0 ,192314 ,9106 ,60408 ,1104 ,326599 ,0 ,226739 ,6038 ,0 ,4384 ,157124 ,6887 ,825 ,3373 ,3373 ,3052 ,1919 ,9376 ,7758 ,42231 ,116507 ,157985 ,0 ,13004 ,26851021 ,1576 ,13989 ,64850 ,280780 ,489 ,40288 ,6472 ,374636 ,63032 ,2407333 ,11578 ,6080 ,387 ,18114 ,5129 ,0 ,7562 ,1135 ,4891 ,25321 ,5204 ,1077 ,13138 ,7185 ,551603 ,19475 ,2274 ,127716 ,960269 ,736703 ,3701 ,2423560 ,0 ,41879 ,5683 ,31900 ,6912 ,19024 ,510 ,0 ,72423 ,110562 ,649263 ,1291 ,17564 ,0 ,10352 ,19202 ,288427 ,7214 ,25111 ,10509 ,1573 ,34088 ,64361 ,66793 ,76922 ,798 ,12097 ,122162 ,1899 ,731818 ,1002 ,19135 ,798944 ,404615 ,0 ,15569 ,2680 ,9778 ,7742 ,3863 ,15788 ,9157 ,40111 ,26597 ,589400 ,15186 ,1842 ,2221 ,22142 ,74011 ,4505 ,28669 ,579411 ,7935147 ,150357 ,6052 ,255547 ,1318 ,8606 ,9203 ,128915 ,24 ,224283 ,1605 ,0 ,119528 ,24060 ,1759 ,209271 ,3867 ,17831899 ,13223 ,110322 ,8763 ,27034 ,4079 ,299540 ,15336 ,10694 ,66587 ,59879 ,874045 ,14977 ,174582 ,1854 ,12951 ,27218 ,10155 ,0 ,4830 ,92851 ,621 ,9183 ,9183 ,9645432 ,1580981 ,2581 ,8780 ,5518272 ,3211097 ,583161 ,406 ,20880 ,36986 ,136875 ,5738 ,14805 ,1956 ,23608 ,238532 ,1682 ,28799 ,10904 ,319332 ,178 ,4239 ,3273649 ,20925 ,167417 ,3794986 ,174651 ,64309 ,8326 ,931 ,522975 ,19657 ,6829 ,315 ,4871 ,30866 ,5240 ,1320 ,116446 ,208946 ,32519 ,329 ,9701 ,36008 ,1878969 ,8194 ,2469 ,2504 ,8359 ,2845 ,101293 ,33380 ,50702 ,78987 ,175824 ,5405 ,1691616 ,3652 ,3251 ,557657764 ,22871 ,9072 ,2181 ,4179 ,607894 ,3113 ,430 ,16063 ,785938 ,3059 ,1822 ,501 ,113869 ,4800 ,11189 ,0 ,1810 ,95898 ,762962 ,11695 ,135337 ,463118 ,905 ,7326 ,52371 ,7377 ,3513 ,6280 ,1820 ,52160 ,5705 ,82882 ,2341 ,1610898 ,5231 ,41200 ,67460 ,5975 ,2938 ,1928 ,9551 ,7231 ,4049 ,24311 ,34445 ,7856 ,27763 ,44125 ,49680 ,898244 ,6329 ,6734 ,15284 ,10950 ,3950 ,4318 ,1490728 ,52304 ,151295 ,3537 ,2515 ,2064994 ,7110 ,519 ,1322 ,21173 ,147305 ,85791 ,98424 ,6921 ,0 ,8082 ,3263 ,862193 ,1309 ,22019 ,45683 ,25378 ,20869 ,355 ,4600 ,22873 ,83201 ,5079 ,5733 ,3819 ,8557 ,11230 ,42382508 ,3449723 ,10138876 ,57209 ,1610568 ,3501483 ,91940 ,1530296 ,0 ,919640 ,4552 ,10539 ,56099 ,173257 ,6720 ,922 ,112 ,13811 ,9849 ,1943 ,2261971 ,115722 ,53063 ,176462 ,5804 ,2937 ,912417 ,46125 ,47298 ,1541669 ,567 ,13496 ,136615 ,16322 ,497 ,3264 ,68121 ,1297 ,6919 ,28112 ,91469 ,42240 ,71439 ,4150 ,207117 ,988 ,11061 ,12430 ,1277 ,50621 ,3753992 ,16699 ,389988 ,51477 ,4589 ,9934 ,868 ,234 ,2327 ,66064 ,153693 ,10171241 ,100346 ,10479 ,283 ,37268 ,31602 ,40681 ,2841 ,144053 ,45406 ,26390 ,101570 ,16706 ,16475 ,1300100 ,8131 ,2243 ,58460 ,231138 ,269550 ,204250 ,30750 ,7314 ,9726 ,699153 ,1312770 ,3345395 ,58483 ,133345 ,208533 ,1063876 ,24263 ,46127 ,9176 ,295300 ,392801 ,2979 ,7632 ,1315 ,2738 ,154270 ,319230 ,23654 ,24334 ,522264 ,21583 ,126132 ,122374 ,55314 ,219723 ,8049 ,984 ,199382 ,12103980 ,4315 ,5574 ,9326 ,180922 ,7090 ,9585408 ,30038 ,173642 ,223933 ,37712 ,1346 ,18218 ,16607 ,149814 ,8696 ,94788 ,387534 ,1286 ,31503 ,2044 ,11982 ,109379 ,1935 ,74345 ,80458 ,3428 ,4601620 ,5367156 ,27853 ,3800957 ,4109 ,34185 ,1151 ,2083 ,9522 ,47117 ,19396 ,13930 ,1852406 ,36044 ,954 ,19422 ,46085 ,26262 ,351654 ,669 ,0 ,197229 ,13169 ,1538 ,72099 ,5933 ,2222 ,2792179 ,105498 ,0 ,1862027 ,19092 ,22555 ,12 ,34589 ,49237 ,50572 ,5341 ,25632 ,86270 ,38076 ,2385 ,2638 ,39400 ,48926 ,48926 ,2858432 ,6628 ,37204 ,912 ,304438 ,1263956286 ,46438 ,11595 ,8977 ,2959 ,92625 ,1847 ,5667 ,2041 ,642206 ,28091 ,40838 ,113157 ,1984 ,65082 ,11576 ,1743 ,825 ,5183 ,15759 ,719558 ,208626 ,5953 ,7145 ,27552 ,28644 ,35026 ,6605 ,2738 ,304912 ,1003 ,0 ,871 ,1704 ,134915 ,235147 ,22543 ,87689 ,27929 ,81224 ,34850 ,1080 ,5091 ,212271 ,44068 ,92984 ,79868 ,14333 ,4483 ,11487 ,1051 ,80848 ,1128 ,1365 ,858548 ,60572 ,3411 ,240 ,120433 ,4098 ,2290 ,4294 ,2938 ,6762 ,133259 ,117665 ,23912 ,7942 ,3564 ,16879 ,34140 ,228489 ,852 ,3419 ,7543 ,24749 ,8522 ,21076 ,3342 ,3313 ,59602 ,421009 ,2547 ,3262 ,3262 ,3710 ,374198 ,3580 ,2424436 ,2936 ,28400 ,4190 ,17455 ,1205 ,4473 ,6279 ,742418 ,89526 ,19113 ,18502 ,109 ,105316 ,129792 ,126 
2020-07-01,299246 ,0 ,48 ,3471 ,133 ,4318 ,30324 ,3686 ,6036 ,7374 ,15048 ,2679 ,78354 ,65232 ,40337 ,44621 ,3165 ,3376 ,1284 ,527592 ,27416 ,1052 ,42066 ,39998 ,35455 ,127218 ,157347 ,450152 ,3523 ,120 ,6315 ,44593 ,405284 ,86346 ,6192 ,83345 ,4066 ,243688 ,171997 ,94530 ,4482 ,14249 ,6052 ,15955 ,19064 ,39397 ,48221477 ,5429 ,209594 ,76916 ,0 ,304799 ,3748 ,11935 ,3691979 ,8986 ,12157 ,48779 ,9460 ,65759239 ,835269 ,14343 ,1419 ,513 ,5227 ,247528 ,159754 ,413 ,15233 ,1407 ,39257 ,79045 ,4653916 ,52734 ,185 ,6091 ,7643 ,4680 ,55727 ,52322 ,20895 ,9714 ,299723 ,44989 ,13335 ,1440 ,460550 ,63044 ,361 ,10490 ,1845 ,169 ,19675 ,6546 ,5455 ,882 ,9848681 ,349139 ,9757 ,1930 ,75950 ,833 ,149831 ,5660 ,158437 ,63093 ,11986 ,280128 ,33707 ,7823 ,473503 ,74668 ,9087 ,15550 ,169782 ,9699 ,312476 ,639846 ,66463 ,7223 ,793753 ,9207 ,26852 ,4434 ,5117 ,18334 ,273895 ,296499 ,0 ,2596 ,2554 ,4180 ,3019 ,602309 ,10996 ,1407637 ,9716 ,46176 ,239917 ,436 ,57610 ,92702 ,71544 ,9146 ,565 ,15101 ,5886 ,7450247 ,38275 ,112100 ,46233 ,47000 ,1001 ,70135 ,230442 ,1135 ,342614 ,7888 ,9485 ,241581 ,163 ,31154 ,63479 ,24248 ,2323 ,858915 ,27217 ,898254 ,1357 ,2080 ,1476 ,4490 ,11159 ,243 ,2101 ,4784 ,76348 ,46029 ,568625 ,25693 ,847 ,2826303 ,15055 ,28151 ,1117 ,39141 ,22631 ,92186 ,207952 ,0 ,1646 ,3599 ,3215 ,71 ,6738 ,42858 ,5606 ,16298 ,3182 ,438 ,329049 ,10667 ,4651 ,2204 ,948172 ,33125 ,8099 ,4720 ,73568 ,1606 ,24286 ,31136 ,4120 ,64269 ,45099 ,94162 ,14979 ,0 ,38403 ,13358 ,171476 ,252640 ,3664 ,299395 ,161141 ,9561 ,1597 ,3127 ,1117 ,12519 ,5271 ,5386 ,351585 ,82278 ,1493 ,60404 ,9851 ,6541 ,62383 ,94776 ,2137293 ,258334 ,5721 ,9182 ,44274 ,1081192 ,20049 ,0 ,284 ,159840 ,2117278 ,54952 ,5467 ,156 ,3275 ,5203 ,197902 ,228707 ,3159 ,17740 ,1474951 ,68509 ,11918 ,3258 ,2813 ,1065 ,4507 ,2797 ,192479 ,224 ,3148 ,15302 ,193495 ,22432 ,1874 ,5747 ,1907 ,172331 ,929 ,7449 ,155252 ,5156 ,11848 ,55024 ,0 ,4541 ,16525 ,4383 ,1953125 ,68798 ,3610 ,802676 ,1862 ,16535 ,19147 ,111023 ,6632 ,60625 ,6039 ,28109 ,826 ,139187 ,123639 ,10135 ,45993 ,145962 ,8694 ,0 ,105242 ,16529 ,884 ,9011 ,935814 ,5294 ,29862 ,15529 ,16179 ,4310 ,1108 ,420 ,634 ,3073 ,560 ,1403 ,2804 ,47620 ,3273 ,4056 ,5441 ,67524 ,8089 ,41683 ,2642175 ,10973 ,148019 ,44474 ,2121494 ,2465474 ,874154 ,291770 ,7 ,109110 ,2949853 ,13045 ,4439 ,665 ,2771825 ,9854 ,256 ,4357 ,60780 ,79194 ,445 ,0 ,73478 ,2434 ,118325 ,57263 ,308 ,62936 ,786 ,5663 ,109043 ,846500 ,539166 ,885205 ,10615 ,16506 ,11461 ,0 ,388 ,4781 ,560434 ,18327 ,1913 ,1323 ,128437 ,12261 ,1756712 ,6807 ,16047 ,3925 ,0 ,7101 ,11703436 ,16863 ,5587 ,438111 ,1006 ,20165 ,10567 ,4600 ,280 ,9027 ,1373 ,42886 ,6821 ,168146 ,30701 ,9101 ,19774 ,16700 ,13912 ,51640 ,100521 ,187524 ,280889 ,253169 ,763 ,8585 ,2960230 ,0 ,13780 ,58703 ,5467 ,24463 ,22067 ,50344 ,55071 ,2612 ,11854 ,7215 ,123530 ,5703 ,288 ,5441 ,4915 ,2406 ,822 ,1760 ,131979 ,14939 ,9812 ,25405 ,91292 ,13129 ,6727 ,34248 ,3725 ,14568 ,54107 ,2929 ,8221 ,5337 ,2223 ,56188 ,53937 ,13534 ,4020584 ,10168 ,57830 ,2058 ,12920 ,303442 ,10034 ,694 ,1811 ,10225 ,5467 ,54773 ,1269 ,20090 ,7564 ,59676 ,671 ,243019 ,9758 ,148895 ,1256963 ,1798 ,100161 ,54093 ,2450 ,8852 ,403358 ,0 ,48408 ,1079 ,26149 ,27485 ,116773 ,0 ,62989 ,137446 ,3491 ,635 ,8061 ,971 ,921 ,3522 ,3954 ,548209 ,182303 ,5492 ,14380 ,47725 ,7057 ,26807 ,70052 ,84078 ,244133 ,179480 ,2630 ,616 ,268657 ,1067832 ,1862 ,871620 ,31770 ,5121 ,1573 ,7542 ,2668117 ,26268 ,24931 ,5183 ,5110 ,81677 ,12541 ,5525 ,35701 ,38054 ,16321 ,89082 ,448350 ,5861 ,14479 ,16195 ,24998 ,0 ,79369 ,22426 ,3675 ,19018 ,21357 ,76609 ,3299 ,27543 ,89954 ,297327 ,1405 ,1405 ,147 ,28288 ,48108 ,3545 ,179941 ,4366 ,72653 ,1261 ,302251 ,3588 ,233418 ,1719 ,1837 ,6697 ,181771 ,5766 ,1979 ,2552 ,2552 ,10405 ,1771 ,14334 ,7640 ,38883 ,219986 ,151763 ,0 ,12958 ,28627511 ,1252 ,18592 ,51544 ,254989 ,1117 ,101013 ,3277 ,385791 ,61093 ,3094663 ,11886 ,5623 ,583 ,17290 ,4658 ,0 ,5576 ,966 ,1505 ,29447 ,5765 ,2519 ,13883 ,5666 ,554154 ,21743 ,561 ,120802 ,1004178 ,722797 ,670 ,2650046 ,4337 ,39639 ,5828 ,60055 ,6582 ,28758 ,972 ,0 ,83018 ,109565 ,620188 ,1708 ,8606 ,1834 ,9067 ,23683 ,221385 ,5736 ,21802 ,13389 ,1697 ,33015 ,72296 ,59077 ,63567 ,130 ,13477 ,139583 ,1728 ,507106 ,194 ,8766 ,784775 ,415126 ,0 ,17129 ,354 ,9146 ,6030 ,1475 ,13400 ,13446 ,49175 ,30203 ,765664 ,19594 ,1743 ,1496 ,19041 ,73549 ,4167 ,33386 ,614607 ,6605254 ,105022 ,3576 ,290824 ,0 ,14584 ,3694 ,152127 ,235 ,235824 ,1367 ,162 ,105335 ,22753 ,953 ,187135 ,3425 ,17984415 ,15639 ,134991 ,10275 ,15511 ,3433 ,303080 ,8496 ,12423 ,82497 ,81473 ,870164 ,14468 ,179675 ,2120 ,19982 ,32464 ,6917 ,289 ,3210 ,107161 ,1251 ,6919 ,6919 ,11037393 ,1853200 ,313 ,10271 ,5637331 ,2669734 ,624859 ,707 ,19719 ,77243 ,256201 ,10787 ,22028 ,346 ,25737 ,250311 ,897 ,26747 ,7434 ,301875 ,967 ,4436 ,3409174 ,40864 ,195501 ,3505132 ,180406 ,79215 ,9658 ,1333 ,549949 ,24750 ,14378 ,0 ,11898 ,30742 ,5064 ,2780 ,83707 ,207997 ,38975 ,2518 ,8082 ,42698 ,1863476 ,17573 ,703 ,1148 ,4012 ,787 ,111102 ,28103 ,80030 ,158538 ,182451 ,4166 ,1755558 ,3329 ,2910 ,551145801 ,38667 ,7824 ,2020 ,2822 ,650879 ,2158 ,346 ,12135 ,837226 ,3282 ,3069 ,857 ,100207 ,7927 ,9405 ,894 ,1606 ,223985 ,768896 ,11773 ,172984 ,476292 ,609 ,4770 ,62310 ,5586 ,221 ,9009 ,4915 ,67643 ,3380 ,81693 ,3770 ,1777261 ,4031 ,44282 ,52680 ,4628 ,6709 ,3100 ,7327 ,11083 ,3669 ,31595 ,19734 ,8114 ,29215 ,46923 ,38805 ,920151 ,6404 ,1366 ,19143 ,9745 ,2982 ,3582 ,1392721 ,39350 ,166022 ,8283 ,1445 ,2125907 ,4476 ,1688 ,3545 ,36831 ,144913 ,61469 ,101889 ,8879 ,0 ,10239 ,6105 ,932239 ,2034 ,9665 ,62139 ,31818 ,19663 ,1707 ,3144 ,24017 ,76059 ,1126 ,3137 ,4300 ,8966 ,6612 ,42270805 ,3573005 ,9886317 ,58521 ,1610191 ,3545789 ,102042 ,1690492 ,15410 ,465188 ,6274 ,9707 ,58765 ,114154 ,10144 ,1650 ,3393 ,11668 ,12030 ,4136 ,2585414 ,128505 ,54388 ,176577 ,6816 ,2777 ,1008915 ,36528 ,54419 ,1553212 ,1379 ,16430 ,164408 ,15370 ,1910 ,5535 ,45731 ,370 ,10590 ,32345 ,94671 ,44133 ,50585 ,4958 ,194880 ,359 ,11006 ,13266 ,2041 ,50115 ,4032835 ,10871 ,395215 ,41637 ,4939 ,6097 ,1053 ,1988 ,1015 ,71306 ,186362 ,11781091 ,106792 ,24175 ,7904 ,36160 ,36658 ,71454 ,6167 ,137510 ,46725 ,40903 ,114657 ,24685 ,10440 ,1287545 ,12676 ,1487 ,88045 ,250065 ,302079 ,236017 ,24354 ,4639 ,7618 ,727197 ,1314364 ,3268494 ,68899 ,246798 ,219351 ,1157505 ,26742 ,45883 ,3543 ,293973 ,386823 ,991 ,8581 ,932 ,4971 ,129813 ,372900 ,31179 ,28328 ,366236 ,21305 ,139145 ,115479 ,42566 ,249472 ,10036 ,899 ,221843 ,11351710 ,8057 ,3493 ,13814 ,159199 ,15221 ,11477879 ,129647 ,218965 ,224796 ,37722 ,3701 ,27698 ,13555 ,167618 ,9512 ,123567 ,407038 ,2719 ,34084 ,1794 ,20886 ,116087 ,1792 ,116691 ,81544 ,3948 ,4826127 ,5429411 ,23791 ,3921584 ,1767 ,27547 ,1986 ,1441 ,14832 ,49823 ,23469 ,8741 ,1917577 ,53523 ,1754 ,28546 ,56493 ,24561 ,240568 ,929 ,0 ,171372 ,11629 ,225 ,82310 ,6133 ,2348 ,2814995 ,110366 ,3312 ,1951130 ,108429 ,10049 ,9 ,47480 ,59998 ,46769 ,7704 ,30504 ,89028 ,39526 ,4411 ,2294 ,34950 ,41625 ,41625 ,3043271 ,8022 ,28976 ,399 ,279540 ,1232090057 ,55749 ,9203 ,2864 ,1634 ,98107 ,7373 ,7222 ,186 ,713794 ,32550 ,43033 ,119141 ,4391 ,75887 ,12030 ,932 ,1172 ,10128 ,14109 ,741538 ,269052 ,3409 ,8676 ,25326 ,26821 ,31354 ,4395 ,2746 ,375048 ,1579 ,0 ,661 ,18304 ,56777 ,259475 ,28225 ,101650 ,28436 ,77887 ,49771 ,3664 ,1857 ,207401 ,50337 ,96413 ,79546 ,7193 ,6159 ,8891 ,910 ,86285 ,1359 ,1641 ,578770 ,53888 ,1641 ,424 ,95554 ,3962 ,461 ,7976 ,657 ,6725 ,150191 ,131822 ,28178 ,12572 ,2193 ,6973 ,39836 ,241798 ,1568 ,12837 ,2625 ,14778 ,4210 ,24744 ,803 ,4002 ,56348 ,472919 ,3396 ,2147 ,2147 ,1887 ,364774 ,5611 ,2488978 ,3082 ,25105 ,3482 ,20847 ,1587 ,5805 ,7195 ,842241 ,80794 ,21219 ,23014 ,488 ,71588 ,135819 ,487 
2020-08-01,260847 ,0 ,360 ,2505 ,0 ,7201 ,25706 ,4299 ,3156 ,10901 ,11524 ,718 ,73219 ,58759 ,26690 ,61464 ,4973 ,2711 ,2212 ,536239 ,26955 ,3688 ,45894 ,33539 ,37035 ,151582 ,137458 ,423662 ,3006 ,184 ,6071 ,60884 ,398553 ,97033 ,5019 ,63315 ,1591 ,281097 ,174479 ,88038 ,15014 ,15986 ,2788 ,18310 ,25901 ,34963 ,47620338 ,0 ,88807 ,43221 ,0 ,315407 ,4607 ,11646 ,3636245 ,5755 ,14076 ,51354 ,8732 ,65121208 ,784702 ,15173 ,0 ,100 ,5140 ,229487 ,149632 ,780 ,10946 ,1057 ,24395 ,144554 ,4433667 ,54075 ,2396 ,5893 ,5005 ,10132 ,56361 ,57761 ,18123 ,17395 ,285992 ,35346 ,8347 ,4094 ,443709 ,59678 ,5476 ,8634 ,4250 ,0 ,13263 ,7748 ,4745 ,2089 ,10928156 ,349637 ,544 ,0 ,72533 ,275 ,171083 ,2494 ,101805 ,80849 ,21360 ,296975 ,48978 ,8093 ,446462 ,74455 ,6268 ,17635 ,164919 ,19729 ,416638 ,597162 ,51499 ,13942 ,845275 ,5934 ,35060 ,3017 ,4424 ,14247 ,372310 ,333323 ,0 ,9695 ,2412 ,2298 ,3511 ,623515 ,6776 ,1426399 ,17805 ,43508 ,206080 ,426 ,54685 ,115104 ,63764 ,13820 ,1910 ,7416 ,3429 ,7871295 ,40571 ,110714 ,36619 ,33094 ,8496 ,28602 ,251188 ,5246 ,339364 ,7102 ,5677 ,265051 ,0 ,17429 ,71547 ,13627 ,2298 ,861540 ,23333 ,939808 ,3005 ,2560 ,1462 ,6020 ,10158 ,367 ,823 ,373 ,66311 ,39098 ,568992 ,27675 ,2166 ,3021758 ,8258 ,25856 ,1332 ,63733 ,24598 ,59388 ,192454 ,477 ,4028 ,6575 ,4643 ,269 ,5368 ,31530 ,1555 ,14165 ,1650 ,0 ,337540 ,8407 ,3287 ,7291 ,1010532 ,32972 ,6994 ,8723 ,73444 ,0 ,17936 ,30200 ,1241 ,50627 ,51280 ,108172 ,15760 ,3842 ,52153 ,6617 ,189783 ,287993 ,1082 ,258629 ,140396 ,4994 ,1553 ,2480 ,1008 ,9552 ,4822 ,2356 ,334541 ,83486 ,5670 ,67089 ,8043 ,1553 ,62405 ,85429 ,2565784 ,234309 ,2110 ,9378 ,43810 ,988737 ,21136 ,0 ,229 ,104459 ,1932773 ,39285 ,3214 ,695 ,2324 ,3334 ,193012 ,201659 ,163 ,27791 ,1559206 ,68798 ,6304 ,3316 ,2096 ,1080 ,6745 ,2623 ,220362 ,0 ,2300 ,23541 ,148382 ,21597 ,4283 ,3866 ,1505 ,163390 ,679 ,9630 ,143922 ,4219 ,8283 ,70422 ,0 ,5266 ,13946 ,6280 ,1900337 ,74310 ,4329 ,763873 ,6015 ,15635 ,18356 ,85698 ,3662 ,66913 ,2282 ,18834 ,4665 ,249033 ,124310 ,8769 ,25112 ,119684 ,5985 ,1028 ,114119 ,17296 ,1546 ,10164 ,995712 ,4700 ,28381 ,14303 ,26286 ,5489 ,739 ,1078 ,244 ,3878 ,143 ,541 ,2640 ,85026 ,21432 ,7569 ,3348 ,64680 ,5174 ,34521 ,2742398 ,13231 ,154470 ,27815 ,2163583 ,2315021 ,749939 ,322239 ,5951 ,130229 ,3361436 ,13197 ,2521 ,1965 ,2860107 ,9115 ,2701 ,4068 ,54861 ,73815 ,1537 ,0 ,109769 ,4003 ,104883 ,68072 ,254 ,52047 ,1713 ,10709 ,98854 ,808298 ,634057 ,849130 ,19769 ,13605 ,4857 ,0 ,0 ,6447 ,548442 ,14023 ,1353 ,1337 ,115452 ,7062 ,1858362 ,8632 ,18749 ,2275 ,0 ,3510 ,10556692 ,10258 ,6087 ,398483 ,2280 ,21325 ,11423 ,5025 ,235 ,20105 ,2720 ,41863 ,5999 ,158331 ,44430 ,9217 ,20893 ,11450 ,15795 ,51348 ,98877 ,222251 ,311590 ,223122 ,197 ,4811 ,2776604 ,560 ,29678 ,69652 ,875 ,27783 ,18694 ,66822 ,40713 ,2041 ,12137 ,6181 ,105320 ,3882 ,230 ,5515 ,6868 ,3330 ,787 ,0 ,131482 ,10124 ,9186 ,19197 ,46367 ,14659 ,3465 ,30677 ,2821 ,12688 ,55655 ,5084 ,3337 ,1742 ,605 ,33612 ,58226 ,12317 ,4368886 ,11812 ,41788 ,8207 ,17051 ,261315 ,11449 ,0 ,861 ,10542 ,3914 ,46807 ,1649 ,13088 ,9050 ,64239 ,0 ,224553 ,14096 ,123153 ,1224674 ,918 ,87160 ,35554 ,3097 ,13958 ,397583 ,0 ,26601 ,1199 ,34414 ,20354 ,105023 ,0 ,69434 ,140905 ,271 ,453 ,6204 ,0 ,4215 ,3306 ,4573 ,548449 ,225014 ,11884 ,5277 ,48331 ,3865 ,29211 ,71615 ,83739 ,233552 ,191826 ,1685 ,931 ,181112 ,1068296 ,947 ,814962 ,54259 ,13741 ,217 ,8394 ,2716812 ,31685 ,14918 ,5537 ,5623 ,71759 ,9295 ,1800 ,41979 ,38829 ,24477 ,71199 ,487903 ,4409 ,10341 ,26199 ,21379 ,0 ,83068 ,21901 ,12766 ,17737 ,23669 ,28671 ,2463 ,26562 ,69223 ,318431 ,1088 ,1088 ,728 ,18058 ,73315 ,340 ,164411 ,3551 ,69304 ,9529 ,334990 ,1549 ,229744 ,4016 ,1742 ,4462 ,165977 ,6236 ,2430 ,922 ,922 ,10601 ,5971 ,11631 ,4295 ,18501 ,180533 ,150418 ,0 ,9034 ,28528143 ,1140 ,7242 ,49985 ,263528 ,908 ,103125 ,9977 ,404223 ,63979 ,3184073 ,7791 ,2373 ,2237 ,29879 ,4516 ,1244 ,10236 ,3272 ,3459 ,29318 ,4984 ,466 ,10795 ,4609 ,529620 ,12563 ,2590 ,105118 ,987542 ,677313 ,2708 ,2778748 ,1806 ,36155 ,9404 ,64194 ,6121 ,21995 ,2437 ,0 ,89004 ,117724 ,689463 ,1069 ,16040 ,1748 ,10079 ,15836 ,211869 ,4016 ,21896 ,10523 ,718 ,40667 ,63743 ,57765 ,68945 ,766 ,36805 ,127649 ,270 ,708254 ,2172 ,15448 ,820420 ,410253 ,781 ,11788 ,949 ,13820 ,6416 ,1547 ,14461 ,12388 ,43637 ,33820 ,760837 ,18278 ,895 ,10499 ,19411 ,71115 ,8499 ,23398 ,532991 ,6704641 ,122826 ,7540 ,291843 ,0 ,9109 ,9946 ,132839 ,2410 ,211001 ,7311 ,640 ,130211 ,14118 ,1678 ,188151 ,14778 ,17944877 ,10803 ,133629 ,14208 ,10203 ,5953 ,291860 ,15185 ,12527 ,76270 ,73778 ,833847 ,10110 ,187555 ,4158 ,20370 ,40246 ,8639 ,0 ,3971 ,91602 ,765 ,3905 ,3905 ,12444191 ,1073487 ,128 ,6223 ,5537048 ,2903444 ,600260 ,1294 ,17404 ,56008 ,249271 ,7615 ,22526 ,0 ,20965 ,263062 ,3169 ,22211 ,5336 ,335673 ,510 ,3352 ,3273370 ,24452 ,194350 ,3646110 ,167619 ,55942 ,12941 ,1565 ,553405 ,27557 ,5519 ,756 ,7520 ,26115 ,1892 ,576 ,84204 ,229077 ,39934 ,1787 ,4554 ,32438 ,1931462 ,10273 ,2487 ,2400 ,13138 ,189 ,105265 ,34660 ,63539 ,152098 ,176776 ,7709 ,1691308 ,3080 ,699 ,561119641 ,44376 ,10513 ,2703 ,3561 ,630401 ,2801 ,1004 ,12730 ,802180 ,484 ,2059 ,1955 ,102757 ,3559 ,6334 ,230 ,1117 ,69430 ,787362 ,8586 ,148874 ,617946 ,1539 ,2499 ,52107 ,13056 ,1478 ,8085 ,4379 ,70266 ,7727 ,101623 ,7130 ,1688025 ,6464 ,44478 ,60241 ,4121 ,5230 ,1521 ,8525 ,7929 ,1809 ,35419 ,24092 ,7943 ,23863 ,41108 ,37960 ,924375 ,4516 ,542 ,20983 ,13069 ,816 ,3469 ,1459713 ,39500 ,138220 ,4910 ,2714 ,2292785 ,6420 ,2403 ,3420 ,31585 ,177320 ,54474 ,118327 ,14962 ,0 ,3161 ,8263 ,1027247 ,533 ,17792 ,62629 ,18848 ,15789 ,4302 ,571 ,14176 ,82941 ,3628 ,9689 ,4488 ,7537 ,6434 ,42329102 ,3639973 ,9788409 ,50649 ,1535553 ,3581628 ,87011 ,2035777 ,0 ,473427 ,9073 ,18363 ,48905 ,214994 ,12152 ,4409 ,0 ,10433 ,13134 ,1897 ,2505386 ,124409 ,49386 ,184568 ,5069 ,8795 ,1091014 ,46093 ,54106 ,1581288 ,287 ,13935 ,130117 ,21364 ,805 ,1450 ,34606 ,294 ,10601 ,29961 ,82754 ,44629 ,67648 ,397 ,277941 ,1617 ,6693 ,16600 ,4106 ,43671 ,4060051 ,11463 ,468737 ,27340 ,6578 ,6424 ,1026 ,436 ,1248 ,58268 ,194986 ,12231545 ,93675 ,24161 ,0 ,37230 ,29033 ,70258 ,3351 ,146348 ,36971 ,38405 ,107650 ,26482 ,11336 ,1355773 ,12354 ,0 ,67204 ,238179 ,277395 ,262914 ,16243 ,2799 ,15644 ,821389 ,1193830 ,3162597 ,76591 ,328364 ,198794 ,1133992 ,12015 ,61528 ,9232 ,342686 ,342779 ,4522 ,9810 ,2475 ,7310 ,124193 ,373247 ,30818 ,40520 ,293603 ,33582 ,131060 ,120004 ,36633 ,221470 ,853 ,977 ,205731 ,10219468 ,13252 ,2493 ,18138 ,125651 ,20116 ,13266907 ,110538 ,208980 ,213908 ,26599 ,1302 ,21830 ,27418 ,169699 ,10301 ,178980 ,350504 ,1732 ,34058 ,2282 ,20067 ,106403 ,2605 ,67624 ,84315 ,3610 ,4837225 ,5276906 ,17781 ,3959151 ,285 ,13363 ,1186 ,2599 ,18029 ,59115 ,20540 ,9800 ,2023708 ,64281 ,5383 ,20350 ,40131 ,25465 ,225501 ,348 ,1834 ,148396 ,14341 ,1474 ,76874 ,10702 ,5298 ,2785591 ,139047 ,3232 ,1804379 ,108232 ,13676 ,0 ,44546 ,67454 ,33261 ,5511 ,41736 ,97239 ,46243 ,4099 ,2941 ,31671 ,41966 ,41966 ,3125470 ,3592 ,29851 ,853 ,315307 ,1248076181 ,46462 ,3502 ,5299 ,6693 ,84517 ,8365 ,5512 ,496 ,750096 ,34219 ,47502 ,115225 ,1872 ,76648 ,13070 ,5169 ,797 ,9964 ,17315 ,696866 ,234325 ,3648 ,11730 ,34460 ,28101 ,32543 ,7073 ,4239 ,376822 ,219 ,687 ,662 ,14095 ,243063 ,306443 ,37282 ,100784 ,27814 ,81178 ,54579 ,8061 ,1175 ,228518 ,38694 ,107694 ,74171 ,12804 ,7333 ,34746 ,2383 ,72374 ,7435 ,1539 ,682042 ,67825 ,430 ,312 ,112156 ,7307 ,231 ,13295 ,140 ,5184 ,125741 ,136767 ,16835 ,10843 ,7782 ,9799 ,36172 ,223285 ,582 ,2514 ,3238 ,17152 ,11068 ,17599 ,0 ,4816 ,99986 ,463216 ,3317 ,2628 ,2628 ,2570 ,311391 ,1509 ,2399120 ,2559 ,28121 ,4959 ,16365 ,703 ,4994 ,4871 ,968403 ,94382 ,23350 ,31361 ,504 ,96920 ,172282 ,886 
2020-09-01,225131 ,742 ,392 ,0 ,0 ,4926 ,14778 ,5617 ,4933 ,4995 ,2226 ,609 ,65058 ,54155 ,24308 ,60700 ,1103 ,2743 ,540 ,408313 ,45055 ,0 ,10272 ,12616 ,17656 ,161355 ,155502 ,304338 ,3924 ,0 ,2153 ,4213 ,369689 ,86130 ,11852 ,50002 ,1128 ,191836 ,13093 ,68275 ,1879 ,19224 ,2429 ,9927 ,23550 ,8075 ,48908627 ,0 ,71326 ,81502 ,676 ,280173 ,3873 ,17111 ,3484322 ,5650 ,16900 ,8439 ,7009 ,65266464 ,767717 ,14867 ,0 ,356 ,11600 ,223235 ,143041 ,261 ,2716 ,1786 ,97490 ,83606 ,3705098 ,10659 ,2612 ,3700 ,2932 ,3822 ,67483 ,40413 ,9720 ,2107 ,211624 ,3747 ,3012 ,2653 ,366126 ,37541 ,51 ,16072 ,0 ,0 ,13788 ,2282 ,1007 ,344 ,11591307 ,342843 ,117 ,0 ,77752 ,191 ,143207 ,217 ,11687 ,51866 ,11511 ,277737 ,52609 ,0 ,389615 ,13350 ,3454 ,10715 ,148296 ,9600 ,356305 ,1233681 ,60766 ,4794 ,492917 ,5952 ,3494 ,861 ,126 ,16764 ,196603 ,324526 ,0 ,0 ,2049 ,4478 ,0 ,574971 ,5573 ,1325603 ,13526 ,56822 ,148454 ,712 ,74194 ,113662 ,22112 ,10561 ,341 ,6873 ,1 ,7150856 ,46140 ,77537 ,30052 ,20327 ,6825 ,23685 ,290429 ,2632 ,285479 ,7197 ,2091 ,241297 ,0 ,34846 ,55604 ,23817 ,1068 ,857598 ,3568 ,1064235 ,1607 ,1604 ,822 ,959 ,3341 ,313 ,1822 ,0 ,68877 ,15336 ,511078 ,3714 ,0 ,3407796 ,12125 ,861 ,0 ,52192 ,18550 ,20827 ,173722 ,0 ,0 ,0 ,8728 ,276 ,0 ,21436 ,1993 ,10408 ,2217 ,0 ,257987 ,0 ,4359 ,0 ,1007112 ,11567 ,4664 ,3896 ,72904 ,0 ,3227 ,11987 ,1500 ,12077 ,23129 ,103138 ,2278 ,298 ,32975 ,10992 ,169473 ,178958 ,173 ,262315 ,58609 ,2199 ,0 ,1533 ,2071 ,4216 ,3318 ,2121 ,314094 ,128320 ,1434 ,23502 ,6136 ,4089 ,23080 ,45418 ,2778657 ,508726 ,3624 ,3101 ,54716 ,764917 ,20410 ,0 ,0 ,139527 ,2025297 ,53031 ,126 ,625 ,2250 ,0 ,188229 ,177559 ,82 ,3130 ,1661602 ,42764 ,5691 ,1951 ,1849 ,2067 ,8898 ,2756 ,150780 ,0 ,1032 ,11731 ,81938 ,4840 ,1974 ,2945 ,1875 ,267572 ,501 ,4082 ,179947 ,7756 ,4329 ,118517 ,0 ,2445 ,15627 ,670 ,1919577 ,8581 ,0 ,774558 ,2837 ,3557 ,5138 ,67800 ,2549 ,23601 ,2876 ,2017 ,1583 ,251311 ,119909 ,2338 ,35593 ,110654 ,3846 ,1660 ,84237 ,18765 ,0 ,3596 ,947345 ,4867 ,9021 ,2231 ,9195 ,2861 ,0 ,379 ,1488 ,858 ,532 ,1023 ,2344 ,55734 ,590 ,4241 ,5930 ,27200 ,7370 ,26150 ,2350082 ,928 ,107536 ,5831 ,1997586 ,2141374 ,596966 ,165607 ,84 ,100558 ,3679162 ,20781 ,1887 ,1547 ,2688199 ,10370 ,0 ,1547 ,63153 ,25828 ,0 ,15054 ,125764 ,2005 ,100769 ,42878 ,0 ,46821 ,0 ,9396 ,99172 ,827705 ,492952 ,862072 ,21410 ,7264 ,4750 ,0 ,0 ,6026 ,508520 ,5304 ,67 ,491 ,129920 ,3281 ,1815015 ,1326 ,4252 ,976 ,0 ,0 ,10708593 ,2528 ,6145 ,647888 ,609 ,24159 ,4513 ,4639 ,0 ,20335 ,1425 ,6840 ,5539 ,190147 ,17934 ,13465 ,11334 ,7177 ,16619 ,56596 ,101263 ,288957 ,265286 ,205161 ,0 ,4249 ,2725819 ,0 ,23112 ,41316 ,521 ,38779 ,5732 ,13313 ,92659 ,709 ,4059 ,0 ,115570 ,7125 ,0 ,2720 ,3075 ,3387 ,0 ,0 ,104248 ,7674 ,16253 ,2866 ,3539 ,13379 ,1209 ,29039 ,0 ,293 ,43190 ,1358 ,4134 ,2760 ,817 ,70 ,59590 ,2103 ,3972979 ,3406 ,26274 ,12482 ,10047 ,304665 ,7226 ,0 ,1932 ,9020 ,0 ,64843 ,1965 ,5321 ,6891 ,56289 ,0 ,151207 ,7777 ,119589 ,1249295 ,0 ,66508 ,18727 ,1460 ,0 ,368279 ,1521 ,7464 ,362 ,36089 ,17658 ,30404 ,0 ,48939 ,20418 ,8860 ,404 ,2890 ,0 ,3720 ,2407 ,3039 ,665364 ,174019 ,955 ,10225 ,13835 ,1609 ,27600 ,58375 ,20849 ,191556 ,181454 ,1729 ,16747 ,107640 ,1007185 ,2671 ,687133 ,1753 ,3935 ,1004 ,14298 ,2701555 ,31558 ,2413 ,3717 ,4398 ,165228 ,5017 ,5681 ,24523 ,9486 ,10713 ,122067 ,390820 ,2086 ,21426 ,19504 ,17602 ,0 ,71925 ,16500 ,6731 ,23055 ,22357 ,28717 ,173 ,41520 ,71950 ,236120 ,0 ,0 ,804 ,14765 ,63367 ,0 ,109346 ,3204 ,68673 ,5742 ,326287 ,1472 ,298637 ,1589 ,0 ,8819 ,167606 ,1925 ,2973 ,2363 ,2363 ,2024 ,0 ,1438 ,2126 ,18387 ,117671 ,286140 ,0 ,32023 ,27397845 ,1327 ,2345 ,43071 ,245099 ,1036 ,37974 ,3951 ,439067 ,60495 ,2194876 ,4883 ,2935 ,4161 ,15081 ,2185 ,2658 ,3427 ,2052 ,3 ,16455 ,2430 ,0 ,2831 ,1456 ,522027 ,8284 ,539 ,106025 ,925608 ,626113 ,0 ,2524820 ,2304 ,34985 ,3820 ,6186 ,0 ,60522 ,0 ,347 ,12780 ,110416 ,834150 ,0 ,12098 ,2560 ,11742 ,15803 ,209672 ,10315 ,9886 ,9677 ,0 ,11831 ,30925 ,29173 ,34874 ,0 ,17262 ,136759 ,2046 ,689419 ,900 ,10487 ,770718 ,1981418 ,909 ,12911 ,0 ,10561 ,7249 ,1110 ,4420 ,0 ,15909 ,3188 ,506073 ,34062 ,217 ,2865 ,15925 ,44733 ,2941 ,25273 ,356516 ,6786573 ,184294 ,26138 ,275346 ,0 ,15822 ,10981 ,145674 ,0 ,206468 ,2667 ,476 ,118778 ,16943 ,0 ,149402 ,0 ,18376766 ,5424 ,64217 ,4587 ,10618 ,0 ,300419 ,0 ,10040 ,28271 ,33700 ,773595 ,3631 ,162363 ,2661 ,30030 ,28623 ,9996 ,0 ,1120 ,116080 ,986 ,6901 ,6901 ,12098260 ,1261773 ,0 ,6962 ,5422500 ,2365420 ,553858 ,2329 ,20598 ,54480 ,230177 ,3612 ,2636 ,0 ,12979 ,230008 ,1156 ,37912 ,7455 ,275520 ,20 ,6184 ,2924657 ,23827 ,22099 ,3833094 ,270154 ,73050 ,5252 ,4282 ,552920 ,22962 ,6253 ,483 ,18124 ,15583 ,0 ,0 ,68428 ,238615 ,35756 ,27 ,4402 ,13493 ,1782768 ,4367 ,1717 ,0 ,914 ,0 ,32435 ,46548 ,13547 ,181740 ,164127 ,2183 ,1514079 ,4351 ,2493 ,586202927 ,35447 ,10991 ,0 ,2745 ,582964 ,0 ,2 ,12064 ,810007 ,1134 ,2662 ,1032 ,98332 ,3960 ,3816 ,1339 ,1475 ,33157 ,701404 ,3481 ,146597 ,508056 ,3815 ,590 ,9839 ,7432 ,0 ,8058 ,1749 ,82856 ,4470 ,57127 ,4337 ,1551320 ,2943 ,41737 ,100446 ,2338 ,0 ,975 ,1970 ,1443 ,2793 ,12539 ,22441 ,2 ,13699 ,29572 ,27619 ,928131 ,6804 ,4045 ,6058 ,0 ,1132 ,1110 ,2038890 ,17005 ,132897 ,902 ,1927 ,2139755 ,2213 ,0 ,342 ,34818 ,130541 ,38129 ,59961 ,18180 ,0 ,3387 ,7879 ,825576 ,1705 ,8587 ,45044 ,18216 ,15893 ,4433 ,549 ,4184 ,93412 ,4923 ,7545 ,5634 ,10267 ,2890 ,42222083 ,3432729 ,9722963 ,82765 ,1371014 ,3390017 ,77374 ,2199493 ,0 ,483181 ,8379 ,2774 ,53010 ,200512 ,6691 ,6997 ,0 ,2454 ,6162 ,629 ,2212039 ,87595 ,20192 ,158351 ,3395 ,2246 ,1165097 ,41479 ,61519 ,1482282 ,0 ,13938 ,126873 ,11669 ,493 ,1542 ,33498 ,0 ,3040 ,8021 ,90669 ,19597 ,46094 ,50 ,203961 ,3442 ,7239 ,124600 ,1493 ,41512 ,3939053 ,5313 ,376768 ,21170 ,5853 ,228 ,107 ,0 ,316 ,52551 ,135210 ,12033106 ,109725 ,18367 ,0 ,67172 ,14470 ,48120 ,2786 ,150993 ,7981 ,33165 ,105653 ,6178 ,7065 ,1227264 ,2460 ,0 ,37124 ,210432 ,274984 ,243670 ,22791 ,133 ,16601 ,818752 ,1474503 ,3198727 ,56184 ,68690 ,195417 ,1076834 ,9257 ,29653 ,11696 ,243304 ,329375 ,0 ,1119 ,0 ,0 ,113946 ,338260 ,16640 ,25426 ,245771 ,29093 ,187490 ,41088 ,8406 ,176210 ,481 ,746 ,172588 ,10335360 ,7879 ,0 ,6457 ,133388 ,33146 ,11830445 ,10061 ,136495 ,199472 ,22243 ,1929 ,12982 ,7215 ,118162 ,3647 ,71788 ,205550 ,0 ,48500 ,0 ,2135 ,73808 ,4307 ,23375 ,26033 ,2449 ,4950309 ,4655876 ,7924 ,3623151 ,0 ,18684 ,817 ,1565 ,1827 ,15447 ,19436 ,6262 ,2077966 ,35023 ,7674 ,20703 ,20239 ,25193 ,275062 ,0 ,0 ,168850 ,32364 ,1166 ,82295 ,10547 ,2105 ,3059165 ,141893 ,2067 ,1802007 ,53541 ,2156 ,0 ,32774 ,7291 ,23080 ,3655 ,14144 ,91474 ,42909 ,510 ,0 ,12417 ,3175 ,3175 ,3237991 ,3776 ,23439 ,0 ,249175 ,1304341791 ,63837 ,1764 ,4805 ,1798 ,97708 ,7518 ,1602 ,467 ,750945 ,15936 ,46104 ,119579 ,238 ,67725 ,11180 ,0 ,2696 ,2368 ,6503 ,645018 ,178764 ,5894 ,0 ,29415 ,26055 ,16560 ,1783 ,6584 ,288689 ,0 ,684 ,0 ,23012 ,217171 ,316168 ,38199 ,35284 ,17139 ,60847 ,34125 ,2654 ,1316 ,200241 ,6865 ,92605 ,80074 ,3592 ,4769 ,62865 ,0 ,40880 ,1421 ,0 ,357119 ,103794 ,557 ,1358 ,95883 ,6504 ,0 ,2867 ,733 ,7954 ,119437 ,122385 ,11477 ,3149 ,3779 ,11325 ,40175 ,215784 ,247 ,1820 ,1375 ,13995 ,93552 ,15389 ,0 ,1060 ,95957 ,423709 ,1202 ,1099 ,1099 ,3717 ,292882 ,873 ,2331846 ,1713 ,21718 ,794 ,31136 ,0 ,1500 ,0 ,1090570 ,41354 ,22743 ,18464 ,0 ,63391 ,125775 ,327 
2020-10-01,223720 ,2971 ,194 ,0 ,1089 ,20225 ,20001 ,10188 ,2482 ,6888 ,2365 ,625 ,75760 ,52243 ,21191 ,66378 ,804 ,707 ,3858 ,505911 ,50964 ,0 ,23349 ,15719 ,17419 ,253022 ,348944 ,401194 ,633 ,0 ,2176 ,5277 ,423252 ,73328 ,10468 ,55089 ,367 ,223007 ,33093 ,68040 ,1335 ,28184 ,5624 ,12907 ,20486 ,26736 ,57225327 ,0 ,133035 ,86138 ,407 ,438656 ,2856 ,9250 ,3528093 ,4552 ,26128 ,33020 ,2104 ,147623871 ,763073 ,10336 ,0 ,2480 ,11393 ,505995 ,132098 ,537 ,10280 ,1298 ,270476 ,69799 ,5151502 ,24026 ,2214 ,918 ,2427 ,16924 ,76926 ,30315 ,36058 ,4103 ,231777 ,10765 ,4649 ,5004 ,691623 ,30365 ,5772 ,16401 ,0 ,0 ,13383 ,6518 ,7274 ,5275 ,15050373 ,991923 ,8822 ,0 ,141204 ,605 ,164562 ,630 ,41030 ,44557 ,8850 ,1387652 ,58145 ,0 ,495780 ,93056 ,4656 ,16295 ,178911 ,11035 ,327912 ,958649 ,196200 ,18701 ,524930 ,3745 ,19977 ,9870 ,4024 ,10287 ,240275 ,344085 ,0 ,0 ,3058 ,4513 ,0 ,413076 ,4599 ,1528390 ,12424 ,59916 ,149676 ,1384 ,96924 ,108161 ,79395 ,6992 ,257 ,3074 ,2002 ,7375100 ,53842 ,118650 ,31799 ,30829 ,16247 ,23575 ,301554 ,2583 ,280953 ,6728 ,2498 ,260031 ,0 ,28033 ,60242 ,17375 ,1143 ,1179949 ,12666 ,2301993 ,1455 ,1756 ,0 ,5611 ,18698 ,491 ,0 ,0 ,68743 ,56357 ,579563 ,20557 ,0 ,4203656 ,6082 ,33539 ,0 ,27329 ,20372 ,26716 ,545921 ,0 ,0 ,0 ,1682 ,68 ,0 ,76351 ,449 ,4342 ,14492 ,0 ,241809 ,0 ,3380 ,0 ,2023044 ,36198 ,3602 ,6002 ,76647 ,0 ,16320 ,11219 ,20721 ,17801 ,24910 ,191880 ,1895 ,1807 ,26393 ,18853 ,180630 ,308909 ,3626 ,424751 ,107752 ,5372 ,0 ,929 ,1466 ,5877 ,3656 ,11528 ,316475 ,145861 ,3564 ,51126 ,5017 ,6309 ,41210 ,89587 ,4163003 ,516209 ,598 ,3033 ,71637 ,1294569 ,17038 ,0 ,0 ,187304 ,2139928 ,50833 ,2415 ,1668 ,3190 ,0 ,585689 ,207575 ,932 ,3771 ,2010743 ,56088 ,8079 ,0 ,3261 ,37 ,6095 ,4269 ,220684 ,0 ,471 ,12651 ,106782 ,9179 ,5880 ,8396 ,2964 ,352829 ,1 ,9732 ,156604 ,1133 ,11644 ,107757 ,0 ,5610 ,16749 ,1829 ,5970002 ,56594 ,0 ,1111479 ,493 ,9019 ,11985 ,156437 ,2559 ,61294 ,2014 ,3771 ,406 ,212290 ,829566 ,6798 ,53563 ,132106 ,14919 ,0 ,86231 ,18872 ,0 ,12008 ,1060053 ,7941 ,8645 ,12929 ,10044 ,6559 ,0 ,0 ,173 ,0 ,1051 ,547 ,2679 ,87750 ,1685 ,4540 ,3059 ,76084 ,16098 ,57463 ,2936421 ,10735 ,153849 ,19849 ,2112772 ,2041848 ,675476 ,183305 ,5281 ,98801 ,6447296 ,18432 ,0 ,3326 ,3929067 ,10417 ,0 ,1545 ,58194 ,26998 ,0 ,28590 ,119773 ,1394 ,152266 ,56616 ,0 ,66509 ,0 ,7874 ,266222 ,1009447 ,1082022 ,2185706 ,16293 ,13871 ,3059 ,0 ,0 ,5284 ,525801 ,5274 ,410 ,4804 ,170827 ,4095 ,2039151 ,0 ,20881 ,0 ,0 ,0 ,11587476 ,7197 ,2732 ,585860 ,375 ,28494 ,6869 ,3603 ,0 ,19245 ,1917 ,38074 ,15605 ,192408 ,34399 ,8655 ,14208 ,9942 ,34649 ,64124 ,112139 ,347508 ,385389 ,394695 ,1026 ,3523 ,8474011 ,0 ,16687 ,64558 ,194 ,13779 ,3277 ,29603 ,59869 ,1420 ,2359 ,0 ,137772 ,4860 ,0 ,2277 ,3906 ,2100 ,0 ,767 ,229095 ,6279 ,22211 ,9479 ,6273 ,15369 ,2925 ,34863 ,0 ,6218 ,45596 ,3406 ,2514 ,649 ,1117 ,13097 ,80663 ,2948 ,4080027 ,8476 ,85402 ,24861 ,4395 ,318902 ,11560 ,0 ,756 ,4647 ,0 ,52193 ,152 ,10203 ,6201 ,90959 ,0 ,78738 ,8750 ,114369 ,1633450 ,0 ,213102 ,27271 ,5806 ,0 ,483973 ,58 ,14388 ,371 ,41957 ,22755 ,84655 ,0 ,49351 ,56501 ,7718 ,465 ,2586 ,0 ,2700 ,1782 ,2605 ,563655 ,119418 ,4675 ,11687 ,99284 ,2399 ,42490 ,53539 ,35272 ,350403 ,164522 ,0 ,1512 ,195943 ,3110212 ,1594 ,785742 ,17457 ,2493 ,0 ,12439 ,4271139 ,43223 ,7868 ,5045 ,784 ,132865 ,7400 ,17184 ,84054 ,8671 ,20975 ,99857 ,460412 ,5087 ,8785 ,13597 ,16706 ,0 ,87168 ,17680 ,7809 ,36488 ,39901 ,33743 ,1270 ,45163 ,64095 ,861277 ,0 ,0 ,6424 ,28587 ,46300 ,0 ,159073 ,2982 ,68283 ,108 ,365319 ,2999 ,564516 ,367 ,0 ,8843 ,513727 ,9192 ,3663 ,5964 ,5964 ,0 ,0 ,6825 ,9378 ,31656 ,121110 ,297713 ,1386 ,59822 ,35420793 ,339 ,13231 ,57293 ,267900 ,99 ,126558 ,9800 ,860907 ,122044 ,2562063 ,5608 ,2565 ,818 ,13965 ,1163 ,2509 ,9089 ,0 ,8683 ,24025 ,4855 ,0 ,8171 ,2847 ,515446 ,12230 ,1454 ,99836 ,2331915 ,953248 ,0 ,2837317 ,2637 ,41024 ,2115 ,20843 ,0 ,65144 ,0 ,250 ,24678 ,113594 ,878043 ,0 ,9378 ,661 ,7532 ,24515 ,176639 ,12092 ,18264 ,6339 ,0 ,24177 ,70481 ,52344 ,43055 ,0 ,12937 ,60604 ,1443 ,661819 ,302 ,18863 ,1546487 ,1892288 ,0 ,10114 ,0 ,6992 ,6358 ,1509 ,21871 ,0 ,47036 ,25090 ,599731 ,39380 ,0 ,2652 ,14649 ,63874 ,6610 ,29368 ,381887 ,8402394 ,268534 ,13245 ,304883 ,0 ,13967 ,3147 ,142656 ,0 ,432280 ,4474 ,564 ,100745 ,17508 ,0 ,154969 ,0 ,26647887 ,8274 ,87358 ,7613 ,46916 ,0 ,379007 ,0 ,7603 ,55251 ,58365 ,2207332 ,11373 ,210909 ,2063 ,38173 ,44351 ,10757 ,0 ,1972 ,97081 ,486 ,7707 ,7707 ,13428386 ,3526283 ,0 ,8274 ,6676104 ,2920162 ,584194 ,3064 ,38361 ,227574 ,240314 ,3356 ,34198 ,0 ,18865 ,478389 ,373 ,46828 ,12395 ,271266 ,514 ,2045 ,6240731 ,26239 ,88889 ,6465061 ,264063 ,253994 ,6433 ,1311 ,520427 ,17494 ,9597 ,57 ,4955 ,31653 ,0 ,0 ,58308 ,210093 ,31355 ,0 ,4657 ,33434 ,1756319 ,7213 ,1550 ,0 ,0 ,0 ,84583 ,49279 ,37433 ,148551 ,337588 ,2029 ,1792182 ,1808 ,2551 ,664892032 ,37078 ,18845 ,0 ,1002 ,1797466 ,0 ,590 ,5164 ,769792 ,2592 ,1862 ,337 ,98141 ,8164 ,5741 ,0 ,2992 ,40508 ,2407056 ,6535 ,628018 ,487863 ,839 ,1517 ,90534 ,6687 ,0 ,7760 ,740 ,184925 ,1158 ,40656 ,1890 ,3221762 ,8180 ,98521 ,89841 ,7541 ,0 ,2702 ,1981 ,4744 ,2647 ,9518 ,23604 ,19452 ,15163 ,34562 ,37547 ,1471191 ,1877 ,302 ,10334 ,0 ,121 ,3198 ,2206504 ,27669 ,413354 ,9481 ,2512 ,2333495 ,3741 ,0 ,3248 ,38218 ,155782 ,29998 ,92545 ,16076 ,463 ,1104 ,5543 ,982328 ,2458 ,8540 ,43471 ,27989 ,18296 ,2632 ,6201 ,6259 ,89355 ,2101 ,1450 ,10478 ,6499 ,13979 ,42329036 ,3842010 ,10665691 ,89701 ,1417054 ,4718185 ,315023 ,2300965 ,298 ,461102 ,27009 ,20617 ,33114 ,266508 ,16707 ,4879 ,6196 ,8126 ,10752 ,1485 ,3842557 ,75669 ,28489 ,175013 ,3386 ,3673 ,1200591 ,43092 ,59956 ,1320337 ,0 ,53994 ,163493 ,16498 ,0 ,482 ,27922 ,0 ,6832 ,22321 ,558755 ,36290 ,27509 ,8779 ,448917 ,9380 ,9793 ,13791 ,2303 ,47464 ,8002860 ,5497 ,636281 ,8049 ,14578 ,5676 ,811 ,0 ,254 ,69003 ,144307 ,22913823 ,113431 ,47740 ,3345 ,61067 ,17897 ,62219 ,3629 ,149479 ,23503 ,46841 ,296034 ,10903 ,6769 ,1215059 ,15473 ,0 ,15700 ,510693 ,383131 ,608568 ,34304 ,2912 ,12525 ,1830964 ,1583213 ,3553861 ,90209 ,188080 ,541600 ,1169353 ,16344 ,52278 ,6838 ,296331 ,291055 ,0 ,985 ,0 ,0 ,82230 ,1241542 ,21526 ,37773 ,189403 ,25330 ,126761 ,100394 ,10509 ,173998 ,0 ,752 ,170289 ,10744700 ,5543 ,0 ,11637 ,108353 ,26237 ,9682724 ,11829 ,549641 ,271035 ,36148 ,1393 ,21276 ,8945 ,198047 ,4262 ,119315 ,309948 ,0 ,44417 ,0 ,10329 ,126492 ,5381 ,52715 ,73645 ,1672 ,5168926 ,9886690 ,23339 ,8922794 ,0 ,25583 ,1597 ,1853 ,2008 ,22662 ,21767 ,6197 ,2894836 ,42063 ,12031 ,20342 ,27002 ,49772 ,265592 ,0 ,0 ,128243 ,16957 ,1157 ,98620 ,5709 ,3618 ,3210608 ,372217 ,2077 ,2118787 ,61225 ,16867 ,0 ,30364 ,31496 ,24300 ,4443 ,35135 ,111070 ,48824 ,1246 ,0 ,29889 ,15455 ,15455 ,15102155 ,2548 ,34269 ,0 ,1977136 ,1396929976 ,56799 ,16765 ,9030 ,454 ,114768 ,4730 ,5297 ,234 ,2444928 ,17184 ,51476 ,116479 ,3044 ,304411 ,10323 ,0 ,2150 ,4061 ,9282 ,695785 ,185351 ,3495 ,0 ,26430 ,17688 ,25211 ,1374 ,6077 ,294957 ,0 ,1212 ,0 ,25351 ,203382 ,404019 ,52648 ,22987 ,28520 ,94067 ,36592 ,5987 ,5112 ,805190 ,13002 ,149330 ,70417 ,2631 ,27568 ,26318 ,0 ,64958 ,2170 ,0 ,479417 ,90574 ,2242 ,3760 ,88598 ,9241 ,0 ,2813 ,1856 ,10479 ,126435 ,125525 ,15959 ,14002 ,12638 ,5892 ,38757 ,204842 ,2034 ,7104 ,1850 ,20148 ,120689 ,12315 ,1944 ,910 ,99406 ,790875 ,2289 ,5124 ,5124 ,4541 ,339329 ,4335 ,3024542 ,9903 ,20134 ,1665 ,27566 ,0 ,2032 ,0 ,1114259 ,82458 ,39862 ,17870 ,0 ,59725 ,136650 ,377 
2020-11-01,199611 ,16823 ,0 ,20286 ,416 ,16152 ,39911 ,9460 ,3052 ,7232 ,5438 ,0 ,74079 ,61645 ,26251 ,66692 ,0 ,0 ,4603 ,534078 ,26247 ,7685 ,34783 ,21709 ,23544 ,257274 ,333021 ,403646 ,1969 ,1242 ,470 ,16277 ,364157 ,71662 ,10659 ,54745 ,371 ,211130 ,48774 ,66028 ,937 ,39977 ,2723 ,14775 ,20325 ,46906 ,68274903 ,0 ,167165 ,63810 ,492 ,501980 ,10546 ,11408 ,3561741 ,8758 ,22177 ,44954 ,8273 ,145182039 ,736036 ,10000 ,0 ,1693 ,11131 ,543047 ,156411 ,371 ,18322 ,3088 ,258672 ,72228 ,5212583 ,29771 ,468 ,2071 ,2439 ,11152 ,57827 ,36615 ,21726 ,2609 ,240003 ,16069 ,6847 ,10029 ,660170 ,27703 ,4178 ,24873 ,3977 ,0 ,16106 ,1593 ,296 ,2963 ,15440881 ,909149 ,1087 ,0 ,179486 ,2859 ,206899 ,822 ,39548 ,40180 ,6548 ,1229199 ,54406 ,13608 ,496519 ,78772 ,5069 ,16322 ,197441 ,8273 ,364370 ,860857 ,191427 ,16738 ,621528 ,2749 ,34290 ,6770 ,3693 ,14103 ,254197 ,431238 ,1644 ,3586 ,0 ,4567 ,5845 ,453866 ,2603 ,1529267 ,16697 ,53521 ,187111 ,1680 ,73194 ,98682 ,71731 ,8706 ,571 ,4061 ,180 ,7643295 ,55982 ,101316 ,34148 ,21644 ,5861 ,25162 ,274200 ,2708 ,305644 ,5226 ,3512 ,269692 ,152 ,18972 ,48936 ,16116 ,414 ,814313 ,10680 ,2088588 ,2427 ,2753 ,0 ,5519 ,8117 ,838 ,0 ,3989 ,78543 ,50426 ,500799 ,16517 ,2779 ,4456352 ,11422 ,32284 ,391 ,15159 ,15767 ,22915 ,531392 ,183 ,3074 ,105 ,2751 ,1213 ,8232 ,98042 ,1319 ,12877 ,1895 ,636 ,236057 ,3131 ,8576 ,0 ,1946751 ,30958 ,3683 ,3977 ,71823 ,0 ,13150 ,11578 ,3181 ,36578 ,29597 ,214179 ,4351 ,878 ,31017 ,12230 ,199224 ,326087 ,4084 ,461949 ,105592 ,1377 ,0 ,816 ,1876 ,6116 ,3142 ,3960 ,323775 ,143795 ,8669 ,53706 ,4643 ,3416 ,43124 ,86305 ,4220158 ,507910 ,4278 ,5452 ,57626 ,1220685 ,15596 ,1368 ,0 ,151858 ,2071388 ,50259 ,3831 ,181 ,5087 ,1433 ,561154 ,248856 ,0 ,5375 ,2246614 ,52024 ,17322 ,0 ,3300 ,303 ,2004 ,2210 ,207359 ,0 ,361 ,22037 ,108107 ,15030 ,2649 ,4697 ,1369 ,180143 ,2198 ,5862 ,144326 ,5709 ,4949 ,106321 ,0 ,5780 ,11487 ,3352 ,6068140 ,42185 ,0 ,1045062 ,4715 ,5758 ,5276 ,204996 ,10162 ,67957 ,1940 ,3472 ,2861 ,226689 ,999354 ,4341 ,69830 ,128846 ,14708 ,0 ,108187 ,14600 ,0 ,9992 ,1113575 ,7608 ,14841 ,8712 ,13932 ,2976 ,3355 ,0 ,0 ,0 ,1361 ,4985 ,3567 ,86285 ,4247 ,6873 ,4188 ,43772 ,13056 ,48009 ,3491065 ,11692 ,175311 ,20986 ,2085291 ,2227262 ,672040 ,188796 ,386 ,85921 ,6301908 ,10981 ,0 ,1412 ,4258658 ,7183 ,0 ,0 ,51373 ,36548 ,1949 ,57718 ,132451 ,1670 ,133200 ,48278 ,0 ,78777 ,2511 ,10339 ,211603 ,1033900 ,1008212 ,2350705 ,20019 ,7506 ,8092 ,0 ,118 ,2016 ,374343 ,1380 ,0 ,4564 ,139119 ,10067 ,1977919 ,0 ,12950 ,0 ,12018 ,1275 ,11589123 ,10019 ,3282 ,468308 ,0 ,28274 ,5365 ,2159 ,0 ,33874 ,4431 ,31456 ,10827 ,144406 ,41445 ,16758 ,18048 ,8220 ,40304 ,81633 ,113914 ,265871 ,643945 ,400366 ,967 ,2665 ,8168952 ,0 ,20908 ,55723 ,873 ,19085 ,8672 ,36221 ,46528 ,3457 ,624 ,0 ,169322 ,7706 ,0 ,2321 ,302 ,98 ,0 ,450 ,268064 ,7591 ,22438 ,15575 ,10131 ,11904 ,3000 ,29257 ,1469 ,4480 ,48261 ,4435 ,4748 ,853 ,1411 ,9656 ,94533 ,5965 ,4068087 ,5523 ,74699 ,6215 ,5248 ,355720 ,6020 ,156 ,1180 ,3891 ,0 ,78364 ,0 ,22412 ,8138 ,119860 ,1947 ,82848 ,6779 ,84993 ,1516500 ,0 ,175305 ,22533 ,1319 ,9680 ,556041 ,2261 ,25412 ,1155 ,28691 ,16173 ,96752 ,245 ,65857 ,53114 ,3286 ,590 ,5445 ,0 ,3305 ,1941 ,6316 ,719141 ,136431 ,2265 ,9443 ,89843 ,885 ,35355 ,77934 ,36358 ,328946 ,181137 ,0 ,4269 ,193747 ,3396253 ,395 ,726903 ,25694 ,2695 ,0 ,13251 ,4011611 ,39043 ,698 ,7326 ,1185 ,78244 ,12615 ,11471 ,58838 ,17000 ,11289 ,139830 ,422289 ,2173 ,16667 ,12056 ,17887 ,0 ,66006 ,25293 ,10980 ,23900 ,28327 ,26207 ,1028 ,37173 ,65297 ,888840 ,0 ,0 ,3615 ,59275 ,60702 ,0 ,144794 ,10380 ,35825 ,808 ,401344 ,403 ,586175 ,2807 ,474 ,7246 ,536539 ,17409 ,4635 ,3334 ,3334 ,0 ,9990 ,12973 ,6969 ,26785 ,135147 ,290369 ,624 ,26047 ,41878792 ,2951 ,19616 ,59076 ,275149 ,0 ,105446 ,12263 ,737161 ,119262 ,3056327 ,2772 ,2998 ,1294 ,29142 ,3062 ,2517 ,9799 ,0 ,9732 ,19649 ,4917 ,5242 ,10027 ,2231 ,526155 ,10441 ,2599 ,101733 ,2296181 ,945548 ,0 ,2752466 ,683 ,42100 ,3524 ,35363 ,744 ,55798 ,2391 ,77 ,35090 ,115638 ,857224 ,824 ,15717 ,0 ,7532 ,22318 ,175469 ,4477 ,8435 ,9903 ,1838 ,24640 ,90863 ,61568 ,34595 ,396 ,21685 ,60071 ,3607 ,668701 ,265 ,13101 ,1623552 ,1742227 ,0 ,15555 ,1494 ,8706 ,6297 ,11095 ,37157 ,11808 ,40250 ,13192 ,742112 ,28906 ,0 ,789 ,19156 ,58559 ,23488 ,20547 ,551931 ,9165038 ,229636 ,21649 ,347589 ,0 ,22824 ,5150 ,121445 ,4286 ,472847 ,4539 ,226 ,115608 ,16943 ,4296 ,174175 ,3814 ,26869910 ,11320 ,79404 ,7127 ,21746 ,1681 ,353293 ,12107 ,8211 ,56375 ,61793 ,2192624 ,12312 ,210095 ,4799 ,21497 ,56355 ,9972 ,0 ,1774 ,76980 ,597 ,12012 ,12012 ,12217365 ,2979543 ,341 ,7246 ,6954548 ,3048416 ,693511 ,1361 ,30721 ,303822 ,122662 ,5476 ,41422 ,2285 ,11336 ,559080 ,349 ,24322 ,8783 ,293324 ,0 ,2481 ,7158509 ,18330 ,91193 ,5855739 ,432231 ,290012 ,8434 ,788 ,532175 ,15469 ,10682 ,0 ,13173 ,20049 ,0 ,544 ,42116 ,227321 ,33420 ,0 ,13240 ,32549 ,1718475 ,11602 ,2918 ,0 ,0 ,1151 ,103224 ,48674 ,36974 ,131515 ,342710 ,2164 ,1872138 ,4375 ,2007 ,664547280 ,45002 ,18701 ,5651 ,2691 ,1572627 ,1040 ,212 ,5251 ,714649 ,2130 ,2506 ,0 ,64970 ,3448 ,5732 ,0 ,2847 ,42787 ,2241354 ,7545 ,721177 ,452210 ,3395 ,2775 ,86740 ,3512 ,0 ,11443 ,762 ,104734 ,1271 ,39817 ,3418 ,3105780 ,3551 ,94986 ,98108 ,6546 ,2680 ,1334 ,1880 ,5646 ,1648 ,26297 ,24987 ,12294 ,10709 ,24727 ,38826 ,1394436 ,2649 ,6641 ,9950 ,9226 ,0 ,2476 ,3134617 ,50081 ,362748 ,4716 ,2467 ,2504515 ,4009 ,0 ,3261 ,44658 ,172905 ,38235 ,126516 ,10518 ,311 ,5044 ,3746 ,1050707 ,1142 ,20612 ,31248 ,33945 ,19517 ,2644 ,3192 ,14256 ,75772 ,3691 ,1672 ,3700 ,8578 ,8663 ,42439297 ,3855798 ,11200483 ,92924 ,1388923 ,4789790 ,237723 ,2669790 ,18539 ,457120 ,41369 ,19144 ,44838 ,202296 ,18524 ,1710 ,0 ,3912 ,11988 ,1803 ,4055736 ,90048 ,32385 ,143076 ,2471 ,3778 ,1337034 ,37474 ,55544 ,1320341 ,0 ,42111 ,147850 ,16729 ,0 ,1379 ,33055 ,584 ,6426 ,31815 ,451717 ,37981 ,59167 ,0 ,624531 ,14141 ,6824 ,14402 ,1868 ,54210 ,7391390 ,6178 ,627102 ,29934 ,13089 ,5640 ,1271 ,1240 ,77 ,72006 ,155092 ,22624491 ,101962 ,15581 ,2170 ,41326 ,21665 ,58931 ,4139 ,173744 ,23693 ,54544 ,361940 ,13248 ,4160 ,1162999 ,17545 ,1012 ,36440 ,499769 ,405697 ,706453 ,32490 ,3695 ,12951 ,1983782 ,1419284 ,3476050 ,86665 ,148807 ,525904 ,1208567 ,15016 ,50696 ,4396 ,232082 ,257887 ,4442 ,3044 ,0 ,273 ,75969 ,1367578 ,18965 ,40396 ,143059 ,22400 ,106270 ,98980 ,7083 ,238516 ,0 ,2094 ,203402 ,10663171 ,3635 ,5140 ,10276 ,111416 ,15039 ,10331260 ,12520 ,559417 ,271821 ,32028 ,0 ,24835 ,8405 ,188544 ,4506 ,126315 ,356409 ,3372 ,36693 ,3006 ,5627 ,103228 ,4003 ,48717 ,138506 ,5567 ,5322301 ,9614827 ,28861 ,8536305 ,0 ,25599 ,3863 ,1321 ,2382 ,25999 ,31039 ,6777 ,2641329 ,40003 ,5124 ,11439 ,50400 ,76119 ,229869 ,0 ,0 ,131887 ,17644 ,3564 ,74813 ,7140 ,3076 ,3144318 ,382884 ,0 ,2092351 ,82568 ,13404 ,0 ,30418 ,30736 ,31975 ,3402 ,28768 ,98012 ,50700 ,1805 ,0 ,19232 ,11123 ,11123 ,15182571 ,692 ,48929 ,0 ,1708520 ,1381651051 ,60271 ,16853 ,13401 ,2347 ,145390 ,18682 ,6241 ,0 ,2370886 ,10029 ,53714 ,115932 ,767 ,244776 ,12812 ,4369 ,1470 ,4322 ,6517 ,683160 ,208238 ,4555 ,5234 ,20307 ,31421 ,25287 ,4967 ,10680 ,310806 ,0 ,901 ,314 ,24280 ,197245 ,342585 ,44353 ,37440 ,20529 ,100133 ,26437 ,5414 ,5808 ,606601 ,19486 ,204146 ,69319 ,3911 ,9013 ,40265 ,2355 ,48947 ,982 ,0 ,675606 ,67303 ,1885 ,3488 ,98329 ,7779 ,3827 ,1223 ,2283 ,20642 ,125791 ,98054 ,28001 ,10403 ,7549 ,3190 ,52540 ,219622 ,0 ,4603 ,544 ,7940 ,64132 ,15740 ,923 ,3680 ,107450 ,622493 ,1515 ,3799 ,3799 ,5060 ,445816 ,2093 ,3164069 ,2102 ,30169 ,4711 ,8511 ,0 ,0 ,6063 ,1078109 ,80736 ,37171 ,30217 ,0 ,40681 ,138744 ,406 
2020-12-01,265137 ,8348 ,0 ,3942 ,0 ,24397 ,32864 ,6891 ,3998 ,5065 ,4348 ,0 ,84245 ,66680 ,15005 ,61206 ,0 ,0 ,1598 ,418079 ,25638 ,333 ,38302 ,17176 ,36121 ,334065 ,401731 ,361734 ,2202 ,0 ,1323 ,23329 ,397424 ,110025 ,6289 ,67860 ,0 ,225852 ,57934 ,42761 ,3740 ,17026 ,3806 ,17083 ,27732 ,48385 ,54497912 ,349 ,175595 ,60906 ,1396 ,427281 ,7619 ,16894 ,3659752 ,4915 ,21873 ,42581 ,6366 ,165273166 ,725346 ,7766 ,0 ,1049 ,48124 ,613243 ,149566 ,525 ,20560 ,1128 ,314733 ,160237 ,5205215 ,31761 ,484 ,6254 ,1357 ,22330 ,45823 ,44881 ,10693 ,7571 ,228972 ,24697 ,3386 ,5362 ,562007 ,36172 ,4261 ,18804 ,3600 ,0 ,11505 ,5309 ,4442 ,23 ,17049419 ,1147126 ,1517 ,0 ,173760 ,1988 ,222642 ,2852 ,16219 ,73262 ,7757 ,1098262 ,53229 ,22504 ,553214 ,91212 ,2878 ,14979 ,215373 ,12594 ,436089 ,656345 ,200794 ,30873 ,543556 ,10684 ,33096 ,7852 ,1884 ,8691 ,296906 ,556918 ,10754 ,2302 ,0 ,11794 ,8871 ,418005 ,4685 ,1555882 ,32405 ,50588 ,203114 ,1157 ,91555 ,93331 ,85366 ,10444 ,182 ,4750 ,2759 ,8467081 ,46487 ,109633 ,34919 ,21367 ,1998 ,31233 ,222565 ,8634 ,321708 ,12426 ,4083 ,291868 ,0 ,20121 ,50023 ,13214 ,2254 ,610864 ,11912 ,2403504 ,1786 ,2176 ,1058 ,3680 ,7576 ,194 ,0 ,1824 ,60968 ,43972 ,467663 ,18230 ,252 ,4700466 ,6414 ,17137 ,4032 ,25500 ,24147 ,27462 ,660285 ,0 ,2620 ,1926 ,7906 ,239 ,11718 ,128715 ,0 ,4250 ,1331 ,338 ,322193 ,8495 ,2465 ,0 ,1667797 ,23734 ,2889 ,7398 ,111559 ,0 ,14917 ,11078 ,10429 ,28559 ,46709 ,237198 ,16656 ,1176 ,44932 ,12410 ,209302 ,251588 ,1467 ,190810 ,91409 ,4383 ,0 ,1594 ,0 ,11182 ,1703 ,2394 ,355255 ,145902 ,7329 ,67459 ,4312 ,2239 ,47234 ,92555 ,4301570 ,475810 ,0 ,8622 ,15361 ,969543 ,11849 ,2409 ,0 ,150854 ,2238422 ,53596 ,858 ,194 ,2101 ,1420 ,540181 ,275467 ,0 ,4490 ,2748514 ,56150 ,9540 ,0 ,5242 ,363 ,7951 ,3522 ,202467 ,0 ,0 ,16296 ,95974 ,18076 ,0 ,2765 ,2771 ,145773 ,1307 ,7655 ,147460 ,7503 ,22164 ,107738 ,0 ,5430 ,11460 ,5989 ,5709709 ,41230 ,602 ,1141754 ,365 ,12280 ,24813 ,185030 ,16101 ,92327 ,292 ,2992 ,1489 ,278462 ,1065194 ,7154 ,69443 ,111688 ,10046 ,1285 ,78061 ,15440 ,0 ,4067 ,1275230 ,8061 ,10521 ,13982 ,10553 ,1951 ,1494 ,431 ,0 ,0 ,5349 ,881 ,1838 ,93198 ,2618 ,6854 ,4255 ,78211 ,13202 ,35294 ,3725810 ,23201 ,171720 ,14662 ,2351432 ,2227175 ,681267 ,124592 ,1667 ,82581 ,8343358 ,13909 ,0 ,0 ,4644999 ,16474 ,0 ,0 ,60980 ,66172 ,3358 ,69549 ,120980 ,2740 ,162256 ,59133 ,401 ,41116 ,8595 ,10376 ,161137 ,1055997 ,1106295 ,2733416 ,21535 ,11123 ,3626 ,0 ,0 ,733 ,386917 ,5907 ,0 ,4396 ,128858 ,4739 ,2244292 ,2531 ,22356 ,0 ,10135 ,8041 ,11709696 ,11493 ,10134 ,422947 ,0 ,23869 ,7403 ,3430 ,0 ,49114 ,6082 ,45381 ,13050 ,187313 ,39391 ,21900 ,16816 ,7580 ,30745 ,69093 ,146362 ,222453 ,725959 ,391679 ,963 ,3748 ,9690908 ,0 ,21779 ,56276 ,322 ,22152 ,6495 ,36231 ,45328 ,2084 ,2591 ,4376 ,249918 ,19105 ,0 ,2606 ,1778 ,866 ,3016 ,364 ,250070 ,9040 ,31233 ,20235 ,3857 ,18728 ,5080 ,34518 ,2608 ,6408 ,51220 ,5567 ,15729 ,1258 ,472 ,7074 ,85601 ,4608 ,4217208 ,5411 ,54201 ,8415 ,8534 ,186822 ,10721 ,0 ,3219 ,5707 ,0 ,63050 ,0 ,39772 ,6642 ,59587 ,944 ,45894 ,8519 ,134852 ,1423871 ,2963 ,204501 ,37446 ,1649 ,14210 ,648838 ,2492 ,16879 ,750 ,12233 ,9805 ,71652 ,1010 ,92556 ,85937 ,471 ,959 ,8315 ,0 ,1263 ,3610 ,8459 ,710018 ,194404 ,2387 ,8747 ,102269 ,0 ,25220 ,73103 ,48049 ,277180 ,169085 ,486 ,11332 ,154602 ,4069978 ,45695 ,704410 ,37784 ,7286 ,425 ,10686 ,4910766 ,34947 ,13262 ,10064 ,3524 ,188459 ,15456 ,3114 ,49830 ,19266 ,6573 ,125810 ,464746 ,2185 ,6828 ,24561 ,10705 ,0 ,63345 ,17071 ,8680 ,21664 ,26953 ,48993 ,276 ,48333 ,75154 ,1231482 ,0 ,0 ,7949 ,84884 ,64808 ,0 ,156800 ,3111 ,42135 ,1814 ,366779 ,335 ,612234 ,7790 ,2364 ,2051 ,673543 ,3545 ,8417 ,494 ,494 ,0 ,3527 ,11597 ,7927 ,24664 ,260753 ,285496 ,98 ,7947 ,39478030 ,1931 ,29634 ,51620 ,298428 ,0 ,61146 ,10180 ,640093 ,183591 ,2910290 ,4906 ,4208 ,1254 ,22877 ,2550 ,2812 ,6108 ,0 ,5551 ,9790 ,9076 ,7463 ,5256 ,1088 ,521092 ,7327 ,1638 ,90722 ,2793885 ,997916 ,0 ,2926115 ,3977 ,42008 ,6814 ,32539 ,3614 ,73052 ,6808 ,100 ,25518 ,114129 ,663761 ,163 ,19490 ,0 ,11711 ,17075 ,213413 ,1223 ,17670 ,6871 ,0 ,18319 ,68621 ,66978 ,21352 ,3727 ,19612 ,57356 ,2106 ,647750 ,647 ,14207 ,1651496 ,1786911 ,736 ,13340 ,0 ,10444 ,3520 ,15983 ,25016 ,6497 ,49767 ,23478 ,670008 ,24301 ,0 ,3262 ,18538 ,118503 ,15012 ,16532 ,581282 ,8805752 ,329069 ,13296 ,372998 ,0 ,30801 ,7319 ,150194 ,7104 ,446417 ,1355 ,218 ,70258 ,15246 ,1681 ,166399 ,1599 ,25241359 ,5365 ,88658 ,5844 ,54151 ,391 ,268370 ,8216 ,10448 ,65659 ,32502 ,2346528 ,12344 ,188547 ,7948 ,29777 ,68477 ,10365 ,311 ,1731 ,119331 ,1569 ,21726 ,21726 ,11470477 ,4872203 ,1118 ,6975 ,7812293 ,3442792 ,648132 ,512 ,40195 ,179854 ,236152 ,9111 ,20336 ,14596 ,12943 ,748995 ,0 ,20898 ,11350 ,442336 ,0 ,1741 ,7042640 ,19179 ,113097 ,7383956 ,398379 ,334137 ,5419 ,1050 ,253534 ,32298 ,3714 ,0 ,8596 ,12015 ,0 ,127 ,35952 ,228389 ,18520 ,0 ,5251 ,43888 ,1920695 ,3610 ,2518 ,0 ,1005 ,0 ,76765 ,46866 ,37654 ,195800 ,338912 ,4632 ,1822682 ,2724 ,1587 ,650743864 ,45894 ,13005 ,5222 ,5126 ,1760476 ,4636 ,2522 ,7007 ,801205 ,4199 ,2331 ,0 ,75625 ,2357 ,5401 ,0 ,1864 ,49628 ,2942814 ,7156 ,770282 ,461187 ,2779 ,814 ,85224 ,4354 ,0 ,12695 ,0 ,185477 ,1223 ,53854 ,6347 ,3674313 ,5174 ,69656 ,114430 ,6740 ,3213 ,8060 ,11012 ,3751 ,1567 ,17162 ,22254 ,7301 ,15009 ,33169 ,31520 ,1533025 ,3162 ,29371 ,10678 ,12287 ,0 ,2677 ,1547976 ,48907 ,355036 ,3021 ,1229 ,2641439 ,4251 ,0 ,8843 ,33560 ,177856 ,25182 ,120441 ,15736 ,1446 ,5632 ,1869 ,989038 ,97 ,10055 ,49955 ,42090 ,17442 ,3032 ,2640 ,11822 ,97591 ,2964 ,620 ,4927 ,3375 ,11642 ,42612256 ,3384432 ,11526903 ,64469 ,1377104 ,5096370 ,303704 ,3105968 ,1307 ,486954 ,76327 ,38872 ,32478 ,215282 ,10075 ,14826 ,0 ,11074 ,18719 ,1497 ,4956608 ,98270 ,37046 ,203816 ,2932 ,9597 ,1564660 ,24993 ,48735 ,1471807 ,693 ,56175 ,150933 ,14384 ,755 ,426 ,30792 ,505 ,11660 ,44901 ,569498 ,34669 ,81665 ,0 ,956144 ,26485 ,6071 ,14722 ,361 ,55560 ,9852718 ,5372 ,628137 ,18440 ,6749 ,4573 ,1428 ,202 ,577 ,64721 ,154208 ,27176633 ,73545 ,14304 ,5593 ,81124 ,16660 ,82413 ,4024 ,147331 ,21599 ,69947 ,509742 ,9794 ,5682 ,1269838 ,26447 ,0 ,52659 ,686837 ,387418 ,790581 ,40252 ,3202 ,12900 ,2152491 ,1592247 ,3691017 ,68420 ,248828 ,692112 ,1233193 ,23825 ,31031 ,5396 ,243752 ,223434 ,427 ,2599 ,0 ,2028 ,125680 ,1394025 ,21628 ,26471 ,130366 ,31606 ,130620 ,108221 ,17818 ,160212 ,11228 ,1506 ,186955 ,10620979 ,2101 ,7057 ,9359 ,111823 ,45423 ,7429080 ,11377 ,690887 ,271088 ,37656 ,0 ,34235 ,8040 ,187943 ,4732 ,122586 ,231911 ,7661 ,39869 ,5227 ,9310 ,128183 ,2974 ,49583 ,78235 ,2232 ,5123169 ,10782963 ,20644 ,11824964 ,0 ,8809 ,2961 ,4287 ,2648 ,17288 ,26177 ,7437 ,1658912 ,23802 ,3169 ,27225 ,19306 ,196122 ,204834 ,289 ,1081 ,109238 ,33016 ,3186 ,68548 ,7230 ,4133 ,3301663 ,495251 ,0 ,2170986 ,59875 ,10728 ,0 ,37461 ,38436 ,34157 ,4894 ,34817 ,100547 ,77023 ,1557 ,181 ,20622 ,8116 ,8116 ,19181057 ,559 ,42243 ,0 ,2551806 ,1374015495 ,68121 ,23247 ,24091 ,2104 ,134054 ,2814 ,4304 ,0 ,3026513 ,19434 ,56542 ,136146 ,614 ,224646 ,25225 ,12487 ,9167 ,14983 ,9177 ,610742 ,229216 ,5832 ,10253 ,24936 ,21788 ,28101 ,7272 ,26252 ,343389 ,293 ,109 ,0 ,21314 ,201226 ,318110 ,59013 ,38677 ,14497 ,102685 ,51091 ,3458 ,2758 ,749286 ,25893 ,213506 ,43570 ,9748 ,4230 ,45004 ,1416 ,40287 ,1126 ,2283 ,980430 ,97483 ,1455 ,2861 ,99730 ,4251 ,3180 ,2802 ,3199 ,19570 ,145196 ,98597 ,20257 ,10274 ,13334 ,2573 ,49373 ,249708 ,0 ,414 ,1519 ,10761 ,53036 ,22892 ,675 ,5459 ,124411 ,743384 ,519 ,0 ,0 ,4942 ,360589 ,4584 ,3329572 ,4733 ,29922 ,2247 ,14760 ,842 ,0 ,3329 ,1074963 ,107064 ,45255 ,21063 ,1117 ,45879 ,161258 ,175 
2021-01-01,262024 ,3219 ,358 ,14059 ,0 ,16555 ,15995 ,12713 ,5212 ,4923 ,2198 ,0 ,86827 ,61116 ,19432 ,80227 ,1218 ,0 ,2549 ,428516 ,25368 ,282 ,25977 ,26138 ,28064 ,261791 ,221169 ,341936 ,2547 ,0 ,2298 ,12444 ,324948 ,125020 ,5164 ,59313 ,0 ,209096 ,28100 ,35021 ,4195 ,19312 ,770 ,9267 ,25126 ,51437 ,49712928 ,2793 ,188239 ,40334 ,1290 ,461890 ,6018 ,34174 ,3731897 ,4144 ,10515 ,26286 ,8969 ,119618277 ,770820 ,15964 ,0 ,1101 ,12408 ,474702 ,138538 ,517 ,17174 ,550 ,183884 ,185801 ,7518180 ,16520 ,0 ,1378 ,2413 ,12445 ,43099 ,38320 ,15596 ,2904 ,232894 ,14363 ,6510 ,4876 ,574822 ,34240 ,9283 ,10682 ,3801 ,1351 ,8598 ,4914 ,7483 ,3015 ,16890555 ,540977 ,1145 ,0 ,133582 ,2515 ,267412 ,4852 ,12672 ,59728 ,13523 ,888632 ,51807 ,3212 ,533916 ,78749 ,2204 ,21397 ,190552 ,11987 ,839502 ,630824 ,137857 ,16190 ,448089 ,5707 ,23610 ,5667 ,0 ,9448 ,293478 ,647780 ,6022 ,6164 ,15 ,4980 ,8905 ,432730 ,101862 ,1556028 ,12136 ,58812 ,207329 ,1401 ,112356 ,89705 ,49746 ,12747 ,147 ,5955 ,2381 ,4111062 ,41764 ,72880 ,27900 ,17292 ,5602 ,20657 ,241802 ,4841 ,297247 ,26332 ,1958 ,246819 ,0 ,33388 ,29503 ,9042 ,699 ,498484 ,11753 ,2280765 ,6811 ,5278 ,438 ,4511 ,8238 ,781 ,0 ,3790 ,96769 ,39411 ,449628 ,4477 ,2462 ,4328390 ,10135 ,29894 ,1386 ,23854 ,20766 ,21580 ,520546 ,0 ,2611 ,1963 ,6729 ,0 ,14059 ,69241 ,0 ,18120 ,6412 ,3223 ,378010 ,2313 ,7417 ,0 ,1444151 ,24175 ,449 ,5806 ,89961 ,0 ,5195 ,9731 ,2568 ,19126 ,83996 ,179822 ,30821 ,0 ,43300 ,3900 ,221212 ,269396 ,1354 ,224659 ,77365 ,3384 ,871 ,2094 ,0 ,2241 ,2197 ,4693 ,655023 ,170713 ,5496 ,71919 ,4326 ,2407 ,35858 ,81364 ,5283109 ,493862 ,0 ,4133 ,15863 ,962402 ,17048 ,0 ,582 ,143903 ,1979643 ,69210 ,844 ,0 ,1599 ,2549 ,333096 ,346129 ,147 ,5751 ,2397354 ,67852 ,10192 ,737 ,2192 ,589 ,6907 ,3143 ,194412 ,0 ,0 ,18300 ,100539 ,18033 ,0 ,3091 ,2025 ,137194 ,1928 ,4312 ,159363 ,1783 ,21102 ,48103 ,0 ,3135 ,15088 ,1943 ,3622407 ,39210 ,3494 ,1058846 ,1350 ,7321 ,13493 ,57043 ,15871 ,65751 ,610 ,5797 ,4318 ,314711 ,598336 ,3052 ,58274 ,127881 ,8291 ,768 ,94549 ,32044 ,0 ,8607 ,1351936 ,8831 ,12498 ,17576 ,11802 ,5148 ,2391 ,0 ,1355 ,2126 ,503 ,4919 ,2917 ,92465 ,4225 ,5094 ,2161 ,72027 ,7918 ,55962 ,3204803 ,8300 ,174204 ,11457 ,2428264 ,2543164 ,654515 ,271129 ,7143 ,83148 ,6495665 ,20732 ,0 ,0 ,4276123 ,11069 ,1359 ,2746 ,54330 ,47267 ,3104 ,42244 ,98704 ,3759 ,271435 ,82967 ,3208 ,67646 ,6510 ,6698 ,126728 ,997480 ,969181 ,1951085 ,22558 ,18814 ,2421 ,0 ,0 ,2432 ,376101 ,5076 ,0 ,1016 ,128489 ,9699 ,2251016 ,2773 ,17172 ,0 ,12196 ,0 ,11618127 ,10641 ,8061 ,341328 ,0 ,22262 ,3953 ,8834 ,0 ,46201 ,5981 ,24025 ,12436 ,153774 ,36076 ,18316 ,12892 ,1642 ,28599 ,62282 ,141479 ,171915 ,890198 ,267209 ,942 ,3380 ,6652292 ,332 ,15327 ,56369 ,411 ,15006 ,10452 ,25380 ,43192 ,2313 ,9261 ,2234 ,189467 ,6303 ,0 ,2788 ,1472 ,3027 ,702 ,2902 ,188228 ,8288 ,15988 ,22475 ,10494 ,11710 ,3025 ,52111 ,1055 ,5375 ,51907 ,10946 ,7704 ,1353 ,1106 ,8154 ,80404 ,7433 ,4020983 ,5609 ,44074 ,8382 ,8123 ,165295 ,8935 ,0 ,848 ,8943 ,52 ,58875 ,0 ,15049 ,7798 ,76245 ,1830 ,48405 ,10629 ,118145 ,1214706 ,878 ,134824 ,75256 ,960 ,13246 ,611350 ,418 ,11710 ,1296 ,17450 ,19360 ,87310 ,2518 ,114011 ,123609 ,648 ,894 ,2123 ,0 ,774 ,4863 ,9833 ,650134 ,372761 ,2046 ,7782 ,69375 ,388 ,30230 ,92266 ,41299 ,253155 ,193120 ,1044 ,270 ,166640 ,2756891 ,45911 ,734508 ,40784 ,6930 ,6307 ,16564 ,3784748 ,40752 ,4141 ,8735 ,17886 ,182860 ,15371 ,3572 ,84373 ,21768 ,12627 ,106851 ,564066 ,0 ,10399 ,34926 ,10840 ,0 ,60768 ,34505 ,12313 ,23035 ,23133 ,43665 ,0 ,57254 ,85523 ,673429 ,0 ,0 ,9254 ,61347 ,56176 ,7786 ,163082 ,1810 ,40772 ,1060 ,352874 ,1398 ,312335 ,4858 ,4408 ,3482 ,461826 ,8683 ,9781 ,1077 ,1077 ,1156 ,3902 ,11204 ,7998 ,22612 ,310601 ,142237 ,1001 ,9604 ,39554155 ,2679 ,17603 ,39507 ,315096 ,1528 ,70524 ,15863 ,561538 ,156753 ,2634332 ,6012 ,3653 ,4566 ,34578 ,2657 ,7736 ,7511 ,0 ,3016 ,13749 ,14238 ,1358 ,7719 ,3277 ,508438 ,7322 ,965 ,99539 ,1881693 ,872283 ,0 ,2893581 ,4238 ,35745 ,11810 ,34666 ,4253 ,45948 ,12897 ,0 ,36167 ,111996 ,758103 ,838 ,14819 ,255 ,6977 ,17249 ,179796 ,2776 ,24433 ,10204 ,0 ,19162 ,46770 ,53224 ,35095 ,215 ,38753 ,72486 ,0 ,462634 ,869 ,5439 ,1266271 ,336564 ,514 ,23404 ,0 ,12747 ,1947 ,322636 ,14482 ,7272 ,35421 ,17270 ,612038 ,34316 ,0 ,9297 ,19892 ,72429 ,48106 ,34145 ,439463 ,8756245 ,395942 ,10208 ,424992 ,0 ,17650 ,5226 ,141165 ,2973 ,341550 ,4556 ,508 ,126265 ,17934 ,3874 ,169960 ,0 ,23739889 ,3059 ,59218 ,8039 ,17675 ,0 ,228848 ,8688 ,8056 ,53477 ,56039 ,1554983 ,7635 ,229511 ,5612 ,24009 ,73991 ,8924 ,2894 ,9020 ,121140 ,3215 ,18285 ,18285 ,11915049 ,3475559 ,2446 ,8585 ,7285534 ,3450830 ,617265 ,1458 ,26983 ,146111 ,244769 ,3209 ,27608 ,3337 ,12875 ,502368 ,0 ,44684 ,13935 ,418703 ,174 ,5824 ,4818888 ,18642 ,55021 ,6936038 ,313368 ,191416 ,4495 ,4481 ,255608 ,33173 ,12125 ,580 ,5428 ,22994 ,0 ,657 ,21852 ,212097 ,29394 ,0 ,5507 ,26947 ,2085118 ,12537 ,1282 ,0 ,2689 ,0 ,62454 ,35346 ,20143 ,184054 ,220921 ,2310 ,1714822 ,3625 ,2855 ,665556156 ,72381 ,19802 ,5848 ,1341 ,1034395 ,3777 ,1605 ,9719 ,791789 ,3925 ,7031 ,0 ,77956 ,2458 ,0 ,0 ,1581 ,34082 ,1711732 ,9888 ,543648 ,614618 ,3137 ,703 ,69560 ,7701 ,0 ,14071 ,0 ,335774 ,0 ,51002 ,5286 ,2911423 ,8836 ,60928 ,107208 ,6394 ,1256 ,2478 ,6057 ,4143 ,1669 ,2291 ,22412 ,14021 ,12517 ,33278 ,38616 ,1414482 ,2471 ,1530 ,8382 ,5545 ,2230 ,7408 ,1715443 ,40752 ,402893 ,1826 ,392 ,2672503 ,3122 ,1844 ,1357 ,37877 ,216515 ,54601 ,108560 ,10660 ,2345 ,8087 ,3420 ,905940 ,990 ,7096 ,57034 ,38275 ,15380 ,8029 ,3933 ,7189 ,92582 ,3763 ,2781 ,1816 ,14118 ,3369 ,42531274 ,3398302 ,11655815 ,52405 ,1489400 ,4130663 ,203823 ,3421426 ,14861 ,598985 ,36086 ,23853 ,34002 ,220812 ,11767 ,11918 ,0 ,4863 ,17462 ,403 ,3773830 ,92785 ,27253 ,222694 ,2971 ,7161 ,1902347 ,31949 ,44596 ,1563042 ,2362 ,56934 ,157943 ,8762 ,0 ,0 ,48416 ,1360 ,10365 ,41575 ,275799 ,30772 ,107347 ,985 ,984488 ,11166 ,11954 ,23090 ,2807 ,45684 ,7241991 ,7858 ,760686 ,23526 ,8135 ,7335 ,3235 ,1428 ,1014 ,72743 ,152660 ,21572998 ,80218 ,10921 ,3379 ,101112 ,17231 ,44923 ,1066 ,158903 ,29018 ,77064 ,285225 ,14144 ,5028 ,1238054 ,20599 ,0 ,26694 ,400593 ,464143 ,589446 ,21138 ,3110 ,14200 ,1721668 ,1124090 ,3065186 ,78214 ,178941 ,606137 ,1192330 ,16830 ,27869 ,6060 ,226130 ,210396 ,4234 ,3740 ,0 ,2413 ,117287 ,821812 ,25866 ,60163 ,121464 ,39094 ,109876 ,97143 ,20191 ,182088 ,12998 ,1483 ,189125 ,10729361 ,2799 ,4361 ,10502 ,97030 ,60610 ,10002688 ,13949 ,493609 ,325941 ,28995 ,1460 ,21061 ,6967 ,174315 ,7422 ,110369 ,264599 ,2770 ,48922 ,4547 ,4104 ,138281 ,3021 ,29821 ,38072 ,4054 ,5030964 ,7613457 ,19872 ,8663330 ,0 ,4558 ,3489 ,341 ,985 ,26990 ,14093 ,15144 ,1674015 ,22586 ,4161 ,23190 ,9694 ,227801 ,192803 ,559 ,180 ,102091 ,27698 ,1253 ,58640 ,8737 ,6035 ,3649473 ,355019 ,0 ,2027261 ,31553 ,19175 ,0 ,55388 ,30063 ,26953 ,4906 ,24758 ,83310 ,80207 ,2774 ,0 ,23787 ,23812 ,15611 ,11326605 ,1204 ,42854 ,0 ,1096113 ,1407693489 ,81551 ,17601 ,11436 ,764 ,143311 ,4863 ,2227 ,0 ,2177062 ,16156 ,49828 ,136820 ,1497 ,168311 ,12958 ,5229 ,8322 ,4014 ,8281 ,618451 ,217086 ,2619 ,12402 ,29326 ,30211 ,26930 ,2538 ,22701 ,428876 ,0 ,1612 ,0 ,14032 ,278728 ,274133 ,28522 ,34934 ,25307 ,128522 ,25304 ,3054 ,736 ,402510 ,22384 ,153510 ,47054 ,207 ,6891 ,68679 ,5930 ,36640 ,3553 ,444 ,731680 ,73948 ,3067 ,7158 ,93458 ,20669 ,1843 ,1760 ,1820 ,18989 ,143776 ,139029 ,27183 ,14206 ,11980 ,7771 ,45310 ,237447 ,2762 ,854 ,1936 ,10157 ,70661 ,24076 ,2332 ,5677 ,92292 ,584733 ,1582 ,0 ,0 ,4298 ,334690 ,5592 ,3217118 ,8016 ,20922 ,2488 ,11649 ,313 ,1803 ,2012 ,1305754 ,61238 ,59736 ,17757 ,3077 ,46777 ,218456 ,42 
2021-02-01,247042 ,11816 ,269 ,1484 ,1370 ,4676 ,33247 ,25439 ,9927 ,4803 ,909 ,0 ,90050 ,51533 ,18058 ,84086 ,3234 ,0 ,0 ,482424 ,19318 ,1678 ,32872 ,19595 ,24464 ,211505 ,198844 ,310787 ,2355 ,0 ,601 ,14054 ,385540 ,102712 ,3933 ,59950 ,0 ,207223 ,12700 ,28893 ,1788 ,23275 ,2914 ,16947 ,29346 ,42747 ,46418652 ,1686 ,227581 ,64471 ,586 ,381774 ,404 ,29412 ,3775982 ,2419 ,10251 ,25457 ,3701 ,115678668 ,819255 ,8466 ,0 ,953 ,10606 ,328607 ,121776 ,0 ,12562 ,4034 ,212406 ,131931 ,5324863 ,10743 ,0 ,1854 ,462 ,12220 ,43320 ,25002 ,23596 ,3983 ,220166 ,7612 ,1618 ,4578 ,576395 ,52122 ,902 ,11561 ,2499 ,226 ,8333 ,3744 ,6470 ,6709 ,16992764 ,664177 ,765 ,0 ,79551 ,1220 ,305938 ,1997 ,15156 ,45730 ,6198 ,702444 ,62626 ,6077 ,511988 ,67754 ,2959 ,8741 ,149443 ,10133 ,1094509 ,328923 ,157795 ,10457 ,505736 ,7404 ,18006 ,3291 ,0 ,4770 ,279154 ,840378 ,0 ,6438 ,2784 ,4921 ,4474 ,421299 ,92559 ,1441158 ,15330 ,49067 ,248082 ,232 ,166208 ,79469 ,31548 ,13623 ,711 ,3774 ,3709 ,7401818 ,45371 ,66999 ,35984 ,8028 ,7375 ,30976 ,271347 ,3154 ,271840 ,19417 ,4089 ,231733 ,0 ,19238 ,43161 ,11611 ,6636 ,621709 ,10103 ,2172437 ,5805 ,1671 ,1015 ,4019 ,7694 ,258 ,1580 ,2023 ,88122 ,39518 ,528153 ,8627 ,6325 ,3673724 ,8283 ,16823 ,2615 ,29534 ,17946 ,28379 ,445225 ,349 ,1637 ,2319 ,4496 ,0 ,11672 ,63238 ,543 ,8914 ,4235 ,0 ,330218 ,6934 ,4271 ,0 ,1360418 ,17156 ,3718 ,4402 ,73289 ,0 ,15542 ,12263 ,5539 ,34176 ,53244 ,201220 ,4845 ,0 ,43621 ,5349 ,205284 ,307240 ,2316 ,151981 ,61533 ,4129 ,1462 ,3422 ,913 ,4384 ,3004 ,3515 ,635245 ,143371 ,5458 ,57491 ,2480 ,3200 ,34523 ,77829 ,4687035 ,474917 ,4780 ,10815 ,15691 ,1009354 ,14690 ,0 ,1119 ,223672 ,1918453 ,49884 ,671 ,0 ,1428 ,2256 ,355994 ,354844 ,0 ,2067 ,1978982 ,62875 ,6738 ,1313 ,2553 ,293 ,3862 ,0 ,171040 ,0 ,0 ,21455 ,102191 ,15703 ,2931 ,805 ,393 ,148892 ,2063 ,6381 ,161713 ,3017 ,12314 ,60788 ,0 ,5061 ,9558 ,7208 ,3869395 ,24723 ,2624 ,1001710 ,3604 ,8222 ,7071 ,41855 ,11308 ,74035 ,883 ,3084 ,2365 ,221118 ,547044 ,6518 ,49403 ,118432 ,17597 ,0 ,93571 ,16848 ,0 ,5825 ,1287615 ,10082 ,13087 ,26475 ,9434 ,2834 ,1452 ,0 ,0 ,0 ,1676 ,5141 ,1301 ,78461 ,4322 ,13283 ,3033 ,57636 ,8325 ,41436 ,3423820 ,7925 ,178161 ,8551 ,2078070 ,2499933 ,658287 ,226022 ,151 ,135146 ,5944608 ,9959 ,0 ,0 ,4024038 ,8632 ,1523 ,1398 ,62838 ,57236 ,2479 ,43912 ,102909 ,2872 ,146906 ,80711 ,645 ,33587 ,6107 ,3217 ,183444 ,1019616 ,1044538 ,1671098 ,22331 ,4961 ,3314 ,0 ,0 ,1499 ,337871 ,5518 ,0 ,2138 ,129252 ,6713 ,2372662 ,738 ,15549 ,0 ,16656 ,0 ,11563709 ,9009 ,3732 ,417891 ,0 ,45371 ,7103 ,7098 ,0 ,54539 ,6161 ,21220 ,8485 ,142976 ,29812 ,18576 ,24492 ,2749 ,41143 ,59987 ,139329 ,253666 ,1190533 ,268871 ,5493 ,3200 ,6232050 ,293 ,13203 ,55977 ,1763 ,13416 ,5083 ,30105 ,38181 ,1358 ,3693 ,2604 ,187075 ,4275 ,1188 ,1978 ,6030 ,1723 ,0 ,0 ,166608 ,9084 ,16151 ,18982 ,5984 ,8742 ,1998 ,46856 ,0 ,7147 ,47415 ,5362 ,4079 ,1346 ,0 ,9571 ,91552 ,4726 ,3968716 ,3101 ,34898 ,5812 ,6115 ,180054 ,5539 ,0 ,656 ,9636 ,0 ,54203 ,0 ,29209 ,9775 ,57623 ,2064 ,41772 ,10964 ,86361 ,1288042 ,2693 ,134774 ,72347 ,5081 ,4066 ,650910 ,0 ,13617 ,317 ,13030 ,19317 ,121125 ,365 ,182088 ,71687 ,7858 ,723 ,7206 ,0 ,595 ,6073 ,5996 ,531809 ,267014 ,625 ,8815 ,65072 ,0 ,21089 ,82147 ,41186 ,250295 ,189330 ,791 ,468 ,186695 ,2788833 ,45403 ,773419 ,13715 ,5376 ,2793 ,12594 ,3517922 ,30265 ,1217 ,9220 ,8135 ,69592 ,12852 ,4583 ,62958 ,18107 ,8983 ,102055 ,441443 ,0 ,18357 ,31685 ,10795 ,0 ,51822 ,27227 ,19277 ,30295 ,26633 ,14236 ,0 ,48772 ,71732 ,677034 ,0 ,0 ,3215 ,80155 ,62689 ,6113 ,136040 ,1930 ,34995 ,1684 ,353418 ,500 ,362111 ,4375 ,605 ,2771 ,403629 ,3978 ,7262 ,0 ,0 ,0 ,5811 ,14506 ,19850 ,16284 ,212680 ,145315 ,0 ,4537 ,31493926 ,2088 ,30520 ,34218 ,317437 ,544 ,57107 ,24708 ,589144 ,236380 ,2679409 ,3004 ,3407 ,712 ,25748 ,3926 ,3489 ,6619 ,0 ,587 ,7405 ,11996 ,3587 ,4921 ,4081 ,513964 ,5940 ,1784 ,81278 ,1849322 ,825284 ,1850 ,3224814 ,1719 ,36384 ,6747 ,46199 ,2474 ,38107 ,22454 ,0 ,19817 ,108753 ,589818 ,1124 ,19386 ,2713 ,7617 ,14203 ,152657 ,635 ,20856 ,12698 ,113 ,17679 ,65133 ,50080 ,17913 ,2960 ,18482 ,65833 ,0 ,421661 ,3303 ,6391 ,1166545 ,1851506 ,0 ,15524 ,0 ,13623 ,3580 ,351492 ,23182 ,8531 ,42458 ,14473 ,588943 ,35661 ,566 ,1485 ,18005 ,38044 ,11772 ,33753 ,380781 ,6812277 ,322738 ,2225 ,409126 ,0 ,14579 ,4681 ,129822 ,2246 ,339629 ,2870 ,1123 ,100017 ,16831 ,2927 ,195426 ,0 ,21728811 ,4140 ,53948 ,5434 ,19072 ,0 ,279285 ,5451 ,0 ,45768 ,67999 ,1660843 ,9261 ,229613 ,5881 ,25769 ,68786 ,11769 ,0 ,119 ,129209 ,1503 ,10989 ,10989 ,7373946 ,3185499 ,439 ,8809 ,6787716 ,4250014 ,594069 ,339 ,25748 ,129110 ,227539 ,6207 ,19539 ,649 ,0 ,505962 ,2225 ,46806 ,9139 ,366570 ,5 ,1130 ,4263193 ,25418 ,50848 ,5463402 ,344182 ,180934 ,8777 ,1390 ,261103 ,11180 ,8271 ,1853 ,1896 ,30272 ,1626 ,1756 ,29513 ,190130 ,23470 ,0 ,7207 ,22787 ,1778176 ,6311 ,7485 ,0 ,2872 ,0 ,72851 ,42254 ,18113 ,186570 ,218975 ,4881 ,1596557 ,3720 ,894 ,617737704 ,73240 ,13208 ,2042 ,0 ,1315437 ,5560 ,2876 ,5329 ,741286 ,5609 ,1533 ,0 ,67661 ,4670 ,0 ,434 ,6074 ,46987 ,1709044 ,5169 ,469709 ,521022 ,557 ,879 ,50842 ,7621 ,0 ,15912 ,1036 ,212590 ,0 ,76576 ,8602 ,2727393 ,9330 ,58150 ,91148 ,1854 ,7021 ,1426 ,4964 ,4517 ,2220 ,10047 ,23263 ,21421 ,6343 ,58612 ,22997 ,1293575 ,2715 ,558 ,8856 ,5416 ,1746 ,14158 ,1559851 ,34341 ,404790 ,0 ,1153 ,2547243 ,3737 ,0 ,3345 ,45512 ,194879 ,32168 ,88935 ,12249 ,1512 ,6666 ,2904 ,970120 ,1733 ,7747 ,47300 ,74684 ,13586 ,6915 ,3532 ,3806 ,75868 ,3390 ,3898 ,5377 ,5694 ,1700 ,42320249 ,3671172 ,11573268 ,54436 ,1546942 ,3889673 ,171116 ,3510365 ,159 ,530608 ,30797 ,20905 ,40727 ,216906 ,10370 ,4662 ,0 ,10441 ,14705 ,3034 ,3485796 ,105409 ,26223 ,212757 ,1907 ,3795 ,2384557 ,32037 ,38249 ,1365400 ,0 ,47748 ,170994 ,20324 ,0 ,0 ,38100 ,798 ,11155 ,35160 ,172975 ,33492 ,124658 ,978 ,1394742 ,12483 ,7273 ,13628 ,1097 ,46366 ,6300781 ,11578 ,653646 ,6321 ,10513 ,2982 ,2480 ,0 ,358 ,40231 ,120633 ,22537327 ,98809 ,10495 ,1681 ,46701 ,17120 ,43002 ,1688 ,153086 ,26991 ,55367 ,266869 ,10716 ,5167 ,886039 ,42802 ,0 ,26374 ,323248 ,367850 ,532228 ,20432 ,2531 ,7175 ,1717918 ,841908 ,2970307 ,84103 ,224215 ,526406 ,1261922 ,8756 ,28910 ,12245 ,199405 ,182793 ,434 ,743 ,0 ,2888 ,110016 ,736084 ,20656 ,106458 ,85610 ,40735 ,84370 ,87483 ,18903 ,184400 ,1306 ,1641 ,172704 ,10829396 ,1020 ,4172 ,11842 ,92086 ,44340 ,7686195 ,17045 ,425420 ,272294 ,23269 ,3396 ,16442 ,2069 ,173135 ,3579 ,97873 ,283623 ,2862 ,41176 ,584 ,5290 ,126489 ,1809 ,24808 ,46013 ,2899 ,5102616 ,7219768 ,15268 ,7934987 ,0 ,4345 ,4325 ,2426 ,3726 ,16323 ,18729 ,13127 ,1692293 ,38346 ,2471 ,23699 ,10695 ,197171 ,175560 ,0 ,14 ,130472 ,29500 ,1163 ,39303 ,8368 ,3490 ,3625483 ,302586 ,0 ,1825766 ,25975 ,12360 ,1397 ,56514 ,31566 ,19941 ,3151 ,22462 ,87101 ,90806 ,1394 ,0 ,26540 ,5534 ,5534 ,10284663 ,1690 ,34495 ,883 ,1134748 ,1328174924 ,116147 ,4824 ,17076 ,0 ,141371 ,2692 ,2778 ,0 ,1936028 ,17838 ,70365 ,122742 ,1381 ,172582 ,12092 ,5084 ,7488 ,3575 ,8499 ,665914 ,178798 ,5494 ,8900 ,25137 ,40469 ,28909 ,3290 ,26010 ,371183 ,0 ,0 ,0 ,22165 ,214754 ,336092 ,39710 ,23284 ,23067 ,92874 ,24055 ,5824 ,447 ,436112 ,15803 ,126637 ,38360 ,4424 ,4973 ,37588 ,6740 ,31471 ,2849 ,4 ,396576 ,59070 ,1459 ,3011 ,113203 ,2881 ,2481 ,1411 ,1157 ,22211 ,133874 ,117791 ,18181 ,9497 ,9360 ,9871 ,36314 ,216254 ,1128 ,667 ,2097 ,5349 ,85863 ,20217 ,0 ,1815 ,111052 ,517112 ,281 ,3163 ,3163 ,2353 ,315669 ,675 ,3233660 ,6977 ,11766 ,3844 ,23028 ,250 ,551 ,2210 ,1225365 ,55757 ,53110 ,18234 ,3193 ,40949 ,178986 ,1567 
2021-03-01,206268 ,10511 ,112 ,13735 ,1485 ,2515 ,37643 ,13970 ,8687 ,3949 ,3289 ,0 ,114250 ,60821 ,14613 ,90558 ,28277 ,4814 ,0 ,567812 ,30735 ,3982 ,38957 ,23151 ,32210 ,250679 ,484546 ,352105 ,699 ,0 ,1001 ,13719 ,420832 ,144288 ,3178 ,62501 ,0 ,203514 ,44583 ,33185 ,944 ,18091 ,3245 ,18633 ,39338 ,50396 ,52375648 ,1003 ,204269 ,80290 ,1608 ,452718 ,319 ,19706 ,3954214 ,4130 ,10317 ,45085 ,11673 ,140674018 ,789683 ,8592 ,0 ,1258 ,8449 ,408128 ,124306 ,0 ,17232 ,2145 ,273810 ,134271 ,5510119 ,41983 ,342 ,2354 ,0 ,17535 ,41450 ,31492 ,21042 ,12101 ,245489 ,20192 ,0 ,9580 ,840158 ,56220 ,4821 ,14263 ,1603 ,342 ,10665 ,3255 ,5048 ,17031 ,18947826 ,861700 ,578 ,0 ,168500 ,187 ,295341 ,0 ,18099 ,52527 ,6020 ,1016132 ,93257 ,6681 ,561635 ,126932 ,5720 ,16326 ,157832 ,8943 ,1031803 ,516020 ,199648 ,19879 ,507433 ,21598 ,22072 ,958 ,6650 ,9897 ,314769 ,1083733 ,0 ,23091 ,628 ,3484 ,7342 ,445067 ,63195 ,1521543 ,22392 ,59723 ,232821 ,2861 ,206548 ,130014 ,54510 ,18531 ,285 ,4873 ,7656 ,8157434 ,57321 ,72512 ,37096 ,8655 ,13646 ,29513 ,355110 ,6380 ,253559 ,22998 ,4531 ,260992 ,0 ,37190 ,50242 ,15127 ,8922 ,994068 ,40890 ,2461200 ,12506 ,3063 ,0 ,5150 ,15804 ,229 ,713 ,5171 ,109173 ,40847 ,587791 ,6767 ,2169 ,3976211 ,16860 ,22258 ,2103 ,39748 ,15830 ,23024 ,804030 ,1297 ,1629 ,2665 ,10398 ,0 ,16059 ,81646 ,383 ,5563 ,3530 ,0 ,257971 ,1306 ,4756 ,0 ,1566659 ,42697 ,2147 ,3748 ,87486 ,0 ,23352 ,13171 ,3574 ,25800 ,85396 ,246489 ,2429 ,0 ,49328 ,5482 ,189690 ,328508 ,742 ,301664 ,82156 ,2201 ,3836 ,3199 ,1061 ,6668 ,3007 ,4755 ,704090 ,154777 ,4086 ,49832 ,1414 ,2058 ,48271 ,85034 ,5894016 ,434938 ,4896 ,9589 ,18724 ,1341590 ,13934 ,2172 ,1448 ,282037 ,2096987 ,68529 ,4876 ,4140 ,4518 ,1757 ,488982 ,413391 ,25878 ,7932 ,2207213 ,82793 ,12236 ,0 ,4357 ,96 ,4667 ,0 ,216582 ,0 ,0 ,12759 ,127779 ,19506 ,1826 ,4515 ,788 ,179195 ,2534 ,4282 ,170318 ,518 ,13144 ,63193 ,0 ,4953 ,11906 ,6176 ,4970885 ,39689 ,0 ,1161496 ,53 ,5153 ,9813 ,53172 ,5423 ,62755 ,3555 ,3646 ,2434 ,228577 ,967382 ,7173 ,63607 ,125960 ,17797 ,0 ,100156 ,27874 ,0 ,8013 ,1414730 ,11306 ,10710 ,24689 ,12523 ,4806 ,2139 ,0 ,0 ,0 ,447 ,5879 ,4556 ,103314 ,3840 ,14875 ,3527 ,65500 ,12616 ,56643 ,3569286 ,12306 ,219171 ,15788 ,2076346 ,2529953 ,650315 ,174780 ,3425 ,100352 ,6982696 ,26461 ,0 ,0 ,4578629 ,1601 ,390 ,0 ,78072 ,62492 ,0 ,67605 ,82963 ,2072 ,132844 ,96706 ,1427 ,52396 ,12631 ,7806 ,285938 ,1245669 ,1279635 ,2358728 ,21658 ,7947 ,5827 ,0 ,392 ,4903 ,368981 ,7820 ,2253 ,6208 ,147947 ,4111 ,2683417 ,3084 ,20949 ,2367 ,13195 ,4215 ,12431159 ,6431 ,9235 ,503058 ,433 ,57321 ,6101 ,4221 ,447 ,79814 ,7793 ,22854 ,7917 ,175052 ,37219 ,15721 ,19328 ,13733 ,60006 ,56835 ,133664 ,347296 ,1375333 ,323602 ,4805 ,2546 ,8731997 ,0 ,12971 ,51968 ,2698 ,19270 ,16320 ,32615 ,57494 ,4557 ,4393 ,3056 ,234910 ,12375 ,1434 ,2250 ,1041 ,1619 ,0 ,0 ,218295 ,9307 ,42203 ,25688 ,11063 ,10300 ,5005 ,45215 ,0 ,16356 ,48217 ,7957 ,4703 ,2512 ,0 ,6770 ,73838 ,3605 ,3943268 ,5233 ,34516 ,9771 ,22305 ,287694 ,5096 ,0 ,1137 ,7030 ,0 ,44759 ,755 ,26420 ,28342 ,71917 ,1212 ,75835 ,8417 ,177860 ,1308559 ,16301 ,169838 ,69255 ,738 ,5680 ,689445 ,0 ,29189 ,726 ,19082 ,22714 ,110321 ,353 ,249585 ,91284 ,9443 ,834 ,4733 ,0 ,695 ,6594 ,3991 ,560324 ,234547 ,741 ,10526 ,61327 ,0 ,25139 ,84509 ,39590 ,343068 ,194601 ,3836 ,189 ,152683 ,3317324 ,21016 ,799694 ,19858 ,4110 ,0 ,19839 ,4128820 ,30799 ,6546 ,3363 ,2493 ,80214 ,13654 ,5482 ,108595 ,21860 ,8398 ,104730 ,476987 ,0 ,8534 ,28460 ,9467 ,480 ,62925 ,31639 ,9746 ,44408 ,38370 ,48352 ,0 ,35165 ,120647 ,1161515 ,8735 ,8735 ,4492 ,118555 ,73368 ,3694 ,149714 ,3870 ,51956 ,1139 ,416436 ,4116 ,411104 ,10009 ,2163 ,244 ,633492 ,11157 ,2291 ,0 ,0 ,0 ,6005 ,14209 ,11608 ,22952 ,162599 ,141605 ,0 ,17556 ,36869305 ,2436 ,36418 ,53361 ,277512 ,572 ,66134 ,18375 ,772949 ,136724 ,2761231 ,3427 ,6806 ,393 ,48003 ,807 ,7413 ,15955 ,0 ,636 ,21944 ,14992 ,5094 ,8025 ,5694 ,567945 ,5383 ,3682 ,92708 ,2336518 ,848545 ,2985 ,3346950 ,3242 ,35463 ,7320 ,69448 ,1491 ,26711 ,4397 ,0 ,24146 ,117101 ,690761 ,0 ,21670 ,1195 ,9986 ,13117 ,145907 ,0 ,11036 ,17604 ,56 ,22448 ,34390 ,45263 ,29767 ,2392 ,12811 ,70561 ,3582 ,676632 ,2127 ,10958 ,1397257 ,2313188 ,0 ,16194 ,0 ,18531 ,7237 ,170017 ,18392 ,6458 ,51835 ,11947 ,939139 ,36962 ,3836 ,1142 ,24244 ,63971 ,12245 ,19096 ,356225 ,6934041 ,325743 ,34922 ,541094 ,0 ,12864 ,6713 ,115389 ,5301 ,425059 ,7743 ,1197 ,135634 ,19383 ,3894 ,215867 ,1773 ,24064670 ,4869 ,70307 ,20897 ,33422 ,645 ,357669 ,6119 ,0 ,46107 ,56675 ,2333065 ,9773 ,260600 ,9915 ,26907 ,92407 ,19106 ,0 ,5824 ,118972 ,1732 ,16476 ,16476 ,7739193 ,3908962 ,1241 ,10034 ,7543878 ,4583490 ,566606 ,687 ,39510 ,107712 ,119419 ,4538 ,16670 ,24227 ,0 ,676591 ,530 ,53056 ,11999 ,296166 ,0 ,646 ,5804265 ,23935 ,82778 ,5856264 ,367236 ,379147 ,7437 ,874 ,276843 ,9699 ,7609 ,5139 ,8265 ,27809 ,11800 ,2137 ,46654 ,202698 ,29747 ,0 ,26067 ,22380 ,1773869 ,5952 ,8563 ,0 ,3536 ,431 ,86928 ,49946 ,25923 ,145149 ,282311 ,7688 ,1761327 ,2672 ,763 ,659479199 ,68203 ,12317 ,730 ,0 ,1723358 ,4208 ,19146 ,6848 ,742023 ,1145 ,1968 ,0 ,64618 ,5582 ,9488 ,142 ,884 ,31448 ,2508869 ,9742 ,637543 ,552768 ,1084 ,486 ,65108 ,3453 ,0 ,19523 ,6352 ,261254 ,2749 ,110974 ,5370 ,3507778 ,9188 ,66335 ,113311 ,5683 ,1266 ,0 ,860 ,5196 ,2445 ,14686 ,30302 ,3421 ,5230 ,35675 ,28749 ,1485716 ,7301 ,7095 ,13122 ,4763 ,657 ,8914 ,1718293 ,51826 ,515441 ,0 ,1446 ,2686373 ,3283 ,0 ,9959 ,56629 ,209937 ,54050 ,93791 ,12685 ,1478 ,6088 ,1792 ,1032912 ,286 ,4192 ,49115 ,46153 ,23743 ,8399 ,2900 ,5678 ,74080 ,1506 ,3123 ,5195 ,7772 ,1524 ,43186939 ,4037318 ,12259159 ,92357 ,1702841 ,4321285 ,241189 ,3677531 ,3856 ,1098686 ,48347 ,47598 ,33677 ,160974 ,16360 ,10217 ,0 ,9521 ,17616 ,1661 ,4141602 ,113441 ,45010 ,198923 ,2925 ,4806 ,2767790 ,23633 ,36995 ,1483818 ,0 ,72386 ,194677 ,16118 ,0 ,417 ,33874 ,2078 ,16424 ,38712 ,313666 ,37726 ,136018 ,2177 ,2324535 ,39949 ,14901 ,5065 ,1136 ,57691 ,7895949 ,12124 ,753671 ,11055 ,10569 ,2292 ,2678 ,0 ,0 ,65806 ,111534 ,26563315 ,123565 ,8525 ,3146 ,75846 ,24700 ,60336 ,6704 ,166313 ,24258 ,94241 ,403055 ,13947 ,8560 ,803522 ,128721 ,0 ,40725 ,375809 ,414501 ,759846 ,40566 ,4289 ,18086 ,2297981 ,1985608 ,3581455 ,83691 ,276430 ,641400 ,1363871 ,15681 ,35500 ,5687 ,232104 ,177424 ,0 ,1172 ,0 ,3269 ,115453 ,1103723 ,30832 ,94509 ,78336 ,28912 ,93362 ,94290 ,22638 ,195320 ,8649 ,1940 ,193418 ,11384748 ,2837 ,2574 ,13686 ,102057 ,18930 ,8540244 ,23910 ,578051 ,284101 ,30771 ,8523 ,31493 ,11340 ,227417 ,3052 ,125664 ,291802 ,4809 ,49811 ,2645 ,12508 ,141194 ,3687 ,36279 ,62577 ,2230 ,6275450 ,9678698 ,20804 ,9259400 ,0 ,18159 ,4568 ,1644 ,4654 ,25662 ,22939 ,23962 ,2020037 ,44344 ,1558 ,18757 ,20833 ,200786 ,206728 ,0 ,0 ,136976 ,33619 ,498 ,49387 ,8105 ,3570 ,3739769 ,445334 ,0 ,1930998 ,42267 ,18230 ,10 ,66607 ,33609 ,28136 ,7424 ,42489 ,83857 ,118687 ,0 ,0 ,33178 ,21932 ,21932 ,15169545 ,2235 ,38460 ,0 ,1565377 ,1387763129 ,163994 ,1751 ,9654 ,0 ,163414 ,3372 ,6645 ,0 ,2351082 ,18510 ,60088 ,143798 ,1149 ,169585 ,12021 ,3404 ,5047 ,6103 ,7703 ,787065 ,181338 ,33906 ,6411 ,27288 ,39211 ,36084 ,4076 ,24257 ,411094 ,0 ,0 ,0 ,18995 ,281359 ,452916 ,33482 ,47307 ,21612 ,112917 ,38847 ,8965 ,7409 ,644685 ,36132 ,123328 ,81480 ,5233 ,2608 ,50894 ,9441 ,41352 ,2608 ,0 ,424272 ,51420 ,1799 ,5389 ,107870 ,4622 ,2771 ,1513 ,2524 ,23382 ,152080 ,156215 ,20933 ,6931 ,5577 ,9061 ,38376 ,205303 ,5185 ,1787 ,539 ,9111 ,41156 ,164935 ,0 ,2608 ,121965 ,564330 ,1450 ,4935 ,4935 ,7509 ,332087 ,2966 ,3436647 ,6283 ,21789 ,4529 ,20684 ,393 ,0 ,5238 ,1203804 ,75366 ,51618 ,16112 ,498 ,26621 ,170043 ,134 
2021-04-01,201521 ,9166 ,4884 ,7783 ,0 ,1117 ,86255 ,34459 ,11226 ,32478 ,8899 ,0 ,93947 ,112644 ,51810 ,103131 ,26042 ,3115 ,0 ,640299 ,44488 ,36749 ,184139 ,32240 ,33754 ,313913 ,389269 ,346238 ,3030 ,0 ,2058 ,9934 ,401651 ,755835 ,1395 ,118993 ,0 ,216623 ,186904 ,23190 ,960 ,34558 ,8216 ,18667 ,21301 ,246027 ,63718829 ,0 ,198905 ,87100 ,1538 ,433274 ,976 ,24571 ,3921051 ,11059 ,38110 ,93619 ,19920 ,195334032 ,871236 ,7192 ,0 ,223 ,9828 ,345258 ,128396 ,0 ,29549 ,679 ,1809897 ,111854 ,4137244 ,28631 ,555 ,5691 ,0 ,23948 ,43706 ,31964 ,18140 ,64181 ,260652 ,76954 ,0 ,5910 ,723452 ,74446 ,3486 ,16575 ,40232 ,0 ,17033 ,18604 ,16554 ,14973 ,17968430 ,891549 ,6173 ,0 ,135086 ,2715 ,288317 ,0 ,131525 ,68876 ,5729 ,1093278 ,152642 ,2932 ,602149 ,938147 ,9006 ,24988 ,222211 ,14054 ,921989 ,3789515 ,206126 ,26819 ,531225 ,30516 ,132559 ,193550 ,5189 ,17850 ,297264 ,1503347 ,6743 ,21137 ,592 ,4555 ,4692 ,440692 ,68869 ,1478157 ,4370 ,61462 ,269308 ,1448 ,203682 ,114621 ,64532 ,14670 ,0 ,5300 ,611 ,8091187 ,68084 ,81200 ,35555 ,8626 ,9740 ,62744 ,327553 ,15178 ,272520 ,13957 ,2172 ,258099 ,0 ,12206 ,57778 ,34720 ,45125 ,982958 ,311153 ,3154610 ,35514 ,992 ,0 ,23121 ,34584 ,0 ,0 ,33660 ,89947 ,56049 ,571999 ,16140 ,685 ,17561696 ,11913 ,52875 ,18127 ,21696 ,14476 ,17638 ,958321 ,0 ,2033 ,61 ,8721 ,0 ,9800 ,113246 ,314 ,15038 ,1114 ,1190 ,215200 ,0 ,10731 ,0 ,2358582 ,70050 ,16179 ,9527 ,361896 ,3760 ,54266 ,40219 ,1227 ,21294 ,103058 ,265615 ,3975 ,0 ,70853 ,6421 ,193955 ,434912 ,1584 ,226733 ,800665 ,3554 ,2358 ,3604 ,3251 ,31030 ,5412 ,17917 ,675722 ,145534 ,11592 ,356747 ,3662 ,9479 ,96025 ,207231 ,5689967 ,664069 ,15046 ,3409 ,31170 ,1324145 ,20039 ,6524 ,420 ,269815 ,2269788 ,38479 ,252 ,3656 ,4780 ,714 ,419648 ,449560 ,11105 ,17637 ,2129395 ,84850 ,10303 ,0 ,2434 ,116 ,3198 ,7911 ,511764 ,0 ,486 ,13257 ,253828 ,27862 ,5570 ,2943 ,284 ,181834 ,850 ,246479 ,145185 ,1550 ,22626 ,62681 ,0 ,11265 ,12290 ,53715 ,4764033 ,39660 ,0 ,1732645 ,0 ,27476 ,13595 ,69861 ,26794 ,166798 ,2303 ,13610 ,1316 ,179218 ,1137986 ,9713 ,61041 ,114586 ,30966 ,0 ,79100 ,31042 ,0 ,6067 ,1649357 ,7150 ,17889 ,136829 ,17488 ,5950 ,854 ,479 ,0 ,0 ,704 ,3207 ,3810 ,221535 ,6202 ,20606 ,4647 ,138501 ,11713 ,58282 ,3484123 ,2212 ,201844 ,6869 ,1830584 ,2092421 ,615516 ,2897342 ,4284 ,72008 ,6719595 ,27412 ,0 ,2035 ,4776241 ,12923 ,0 ,0 ,74844 ,72944 ,0 ,189607 ,89323 ,253 ,180608 ,98595 ,738 ,83056 ,12264 ,21902 ,227925 ,1468049 ,1274615 ,2227256 ,20559 ,6754 ,9757 ,0 ,1276 ,33384 ,349816 ,2219 ,2283 ,3747 ,151937 ,9114 ,2577424 ,769 ,28701 ,1283 ,24363 ,2324 ,12605973 ,10379 ,8526 ,547007 ,0 ,68084 ,9548 ,3309 ,0 ,63029 ,68768 ,34118 ,4885 ,99438 ,83830 ,14526 ,43434 ,14407 ,134783 ,55161 ,148340 ,441572 ,3159596 ,433618 ,8379 ,4165 ,8358330 ,0 ,32092 ,147779 ,286 ,21633 ,44679 ,47574 ,57013 ,6103 ,5468 ,4825 ,224263 ,37160 ,753 ,24513 ,4670 ,2881 ,573 ,1962 ,246825 ,28780 ,48340 ,38933 ,13633 ,8677 ,10609 ,47209 ,5138 ,55012 ,56781 ,7732 ,1109 ,5775 ,723 ,7075 ,88892 ,8656 ,7651668 ,9827 ,64011 ,9511 ,29428 ,381651 ,11190 ,4837 ,1076 ,4707 ,0 ,52993 ,0 ,16102 ,117955 ,116727 ,380 ,73125 ,3232 ,129341 ,1175324 ,2075 ,162693 ,36605 ,498 ,9341 ,566329 ,0 ,19227 ,1686 ,21213 ,23553 ,176833 ,364 ,667735 ,232398 ,13874 ,852 ,4163 ,0 ,662 ,15615 ,10364 ,710114 ,181801 ,6031 ,9439 ,148535 ,37758 ,21173 ,103323 ,66536 ,411178 ,203791 ,0 ,1345 ,317116 ,3731182 ,15766 ,887918 ,43042 ,7978 ,0 ,18124 ,3928482 ,44834 ,35149 ,17192 ,10188 ,77294 ,17489 ,11087 ,187830 ,26428 ,5846 ,121103 ,491663 ,0 ,11653 ,11984 ,15248 ,0 ,91329 ,34864 ,2832 ,22197 ,34711 ,1025579 ,0 ,113721 ,86478 ,1148964 ,3229 ,3229 ,4306 ,123934 ,86862 ,5942 ,168586 ,4702 ,53109 ,5640 ,378828 ,1619 ,317148 ,3572 ,640 ,0 ,461068 ,7409 ,1252 ,0 ,0 ,5681 ,136 ,10173 ,163362 ,15177 ,144161 ,109100 ,0 ,107491 ,120360797 ,1252 ,40354 ,44946 ,268401 ,0 ,79329 ,54169 ,716566 ,79569 ,2978692 ,4831 ,4889 ,2122 ,111753 ,311 ,6694 ,20254 ,1517 ,17015 ,36667 ,71464 ,7756 ,19717 ,4614 ,570551 ,1456 ,19341 ,106192 ,2472712 ,987142 ,10804 ,3597135 ,3253 ,33312 ,4130 ,139448 ,35997 ,34016 ,15820 ,0 ,43993 ,116141 ,967156 ,0 ,14683 ,1187 ,7723 ,29798 ,147947 ,0 ,27176 ,15518 ,13578 ,25327 ,27832 ,86841 ,33480 ,1359 ,11595 ,91544 ,15890 ,875676 ,5635 ,6617 ,1602657 ,2042308 ,35 ,51222 ,200 ,14670 ,2576 ,81431 ,41382 ,11738 ,97987 ,48035 ,962181 ,30777 ,5521 ,1128 ,31108 ,456632 ,174507 ,22849 ,763633 ,8148831 ,1174501 ,42732 ,537097 ,0 ,9838 ,7931 ,124288 ,21828 ,461042 ,58778 ,716 ,246771 ,11051 ,0 ,198028 ,13402 ,35173557 ,5122 ,70261 ,35008 ,5995 ,0 ,411818 ,98452 ,16202 ,81698 ,51512 ,2044215 ,33123 ,280307 ,210903 ,72908 ,103149 ,10718 ,0 ,16706 ,127766 ,3441 ,14773 ,14773 ,12447048 ,4040360 ,958 ,14062 ,7188417 ,4646336 ,551795 ,1858 ,38724 ,156690 ,185451 ,5088 ,29539 ,20186 ,47365 ,555994 ,926 ,35698 ,4729 ,303866 ,0 ,1104 ,5204979 ,18708 ,266993 ,8927420 ,475816 ,277075 ,7664 ,1343 ,331021 ,3899 ,11459 ,1389 ,9205 ,40971 ,11231 ,2738 ,57572 ,188517 ,15934 ,0 ,25630 ,18189 ,1565040 ,13169 ,3634 ,1076 ,4609 ,5434 ,75738 ,51732 ,56805 ,161835 ,382183 ,8612 ,1636030 ,12374 ,2387 ,670667868 ,46201 ,10635 ,4392 ,60827 ,2462180 ,2856 ,38124 ,3844 ,655000 ,4606 ,454 ,0 ,66959 ,7642 ,24181 ,17098 ,233 ,187521 ,1777620 ,35168 ,746504 ,439108 ,0 ,7131 ,86625 ,6139 ,366 ,10590 ,11154 ,404938 ,1547 ,56580 ,7370 ,3409897 ,33788 ,90097 ,184184 ,1533 ,2392 ,0 ,7391 ,29877 ,1111 ,16040 ,30033 ,766 ,6204 ,35854 ,14796 ,1281116 ,2913 ,219595 ,24605 ,8272 ,2677 ,5296 ,3289118 ,50015 ,697861 ,63011 ,979 ,2503163 ,6416 ,0 ,0 ,33436 ,303194 ,27139 ,124305 ,17674 ,474 ,24629 ,3116 ,895796 ,0 ,4739 ,237588 ,48198 ,8655 ,7839 ,3814 ,5940 ,169498 ,11235 ,2760 ,3342 ,13673 ,12959 ,42704543 ,3837822 ,11649816 ,104404 ,1845796 ,4318625 ,213845 ,3593618 ,1033 ,1048416 ,44449 ,53136 ,40126 ,118987 ,12697 ,4786 ,0 ,203891 ,38385 ,291 ,4216468 ,128967 ,54207 ,209682 ,2499 ,13684 ,5373069 ,25488 ,43505 ,1550480 ,0 ,32550 ,239561 ,11587 ,0 ,5209 ,47647 ,2293 ,22483 ,66099 ,281864 ,79982 ,261560 ,408 ,3571343 ,49313 ,15000 ,17009 ,497 ,49382 ,7365144 ,7165 ,10727908 ,5906 ,10337 ,388 ,2076 ,0 ,411 ,165410 ,249682 ,30762406 ,120608 ,9764 ,3268 ,52522 ,62775 ,84309 ,4551 ,160615 ,63823 ,93854 ,403257 ,9137 ,8867 ,715958 ,741646 ,17319 ,248346 ,493259 ,637603 ,686939 ,47403 ,9400 ,12129 ,2115493 ,1874390 ,2628539 ,132484 ,469555 ,2500702 ,1215617 ,52400 ,41184 ,5565 ,300660 ,187302 ,0 ,5155 ,0 ,3141 ,103677 ,890910 ,44753 ,74243 ,61536 ,30270 ,73307 ,74371 ,26346 ,162457 ,10095 ,1851 ,209840 ,11553163 ,2205 ,6200 ,27466 ,100883 ,16325 ,57802535 ,14519 ,833856 ,251261 ,38515 ,10962 ,27853 ,5434 ,140126 ,4438 ,189061 ,319667 ,12058 ,35521 ,6101 ,58376 ,181561 ,5531 ,61710 ,158960 ,5926 ,6169099 ,9882913 ,57349 ,8522391 ,0 ,3408 ,5505 ,1023 ,27703 ,93045 ,17244 ,49033 ,2675824 ,47795 ,5271 ,33181 ,27778 ,222254 ,11074200 ,281 ,0 ,117104 ,64134 ,0 ,48145 ,6776 ,3459 ,3882636 ,435002 ,0 ,1948480 ,38711 ,20450 ,29 ,120800 ,55215 ,45435 ,3910 ,181578 ,209459 ,134446 ,0 ,0 ,29834 ,21592 ,73415 ,18943644 ,48347 ,43771 ,0 ,1559139 ,2484176099 ,146834 ,42159 ,27208 ,0 ,186759 ,15415 ,19448 ,434 ,3133469 ,115542 ,42738 ,138121 ,2006 ,220702 ,13492 ,6903 ,5305 ,11879 ,26920 ,723928 ,200760 ,28177 ,7297 ,26462 ,21265 ,37853 ,5678 ,32858 ,327009 ,0 ,2465 ,6902 ,10846 ,209498 ,492993 ,65846 ,46909 ,35486 ,132514 ,2088796 ,6411 ,6489 ,710113 ,101427 ,752813 ,76084 ,5935 ,17639 ,209483 ,15641 ,65706 ,1677 ,0 ,437067 ,93549 ,2232 ,3849 ,76768 ,10338 ,1571 ,4510 ,23239 ,16040 ,133782 ,130071 ,28871 ,14271 ,20796 ,19318 ,25465 ,232322 ,6516 ,5377 ,5252 ,41785 ,19498 ,218093 ,0 ,1681 ,212676 ,729871 ,1362 ,5042 ,5042 ,115214 ,656679 ,1933 ,3473950 ,8861 ,24183 ,3465 ,38504 ,773 ,0 ,25157 ,1190026 ,122533 ,99653 ,20538 ,4782 ,16711 ,142085 ,5994 
2021-05-01,203954 ,3629 ,51105 ,34906 ,0 ,1 ,126898 ,9006 ,29521 ,42609 ,18637 ,0 ,126497 ,124475 ,73288 ,149530 ,5421 ,0 ,0 ,1002307 ,42142 ,29875 ,237800 ,61368 ,70648 ,288781 ,340356 ,442797 ,2390 ,7635 ,6071 ,11511 ,422060 ,404309 ,2105 ,81528 ,7379 ,269072 ,146420 ,20069 ,1101 ,15233 ,19446 ,22547 ,47022 ,393536 ,66333383 ,0 ,218965 ,88138 ,1449 ,415329 ,95 ,106239 ,3923253 ,9915 ,58376 ,200724 ,24006 ,233539964 ,801089 ,8155 ,0 ,1979 ,4964 ,344915 ,103846 ,0 ,57413 ,1239 ,3361524 ,115475 ,3469425 ,36415 ,2591 ,4553 ,4975 ,25390 ,44279 ,63440 ,22170 ,43615 ,245118 ,115592 ,11866 ,5534 ,852748 ,94454 ,48108 ,51576 ,26274 ,1491 ,22330 ,50578 ,23251 ,11679 ,19997987 ,1088814 ,7061 ,0 ,116260 ,390 ,335362 ,2267 ,362417 ,61512 ,5905 ,1530850 ,262745 ,21957 ,754534 ,1637655 ,9608 ,22410 ,231918 ,19400 ,1071215 ,4633804 ,217713 ,26451 ,445635 ,16941 ,131709 ,294476 ,4160 ,28942 ,440955 ,1681317 ,13604 ,7349 ,8528 ,7133 ,8325 ,657945 ,52765 ,1406445 ,13828 ,52845 ,274291 ,0 ,259088 ,337792 ,95139 ,15969 ,0 ,2553 ,9262 ,8455681 ,47853 ,141047 ,38057 ,7093 ,9509 ,45548 ,334707 ,29124 ,255412 ,33210 ,63685 ,255602 ,0 ,12820 ,45783 ,21088 ,58996 ,1084600 ,305189 ,3329429 ,28176 ,4333 ,0 ,21290 ,62713 ,0 ,0 ,6215 ,77758 ,52372 ,645583 ,4639 ,0 ,8311343 ,20595 ,79377 ,38803 ,43912 ,23114 ,32200 ,1305912 ,0 ,2607 ,3736 ,6854 ,0 ,7200 ,97142 ,2668 ,9152 ,5974 ,7521 ,228071 ,0 ,10179 ,2579 ,2474668 ,57540 ,37757 ,10641 ,361486 ,3895 ,121564 ,39171 ,0 ,19219 ,69572 ,301706 ,7035 ,0 ,54981 ,10797 ,176438 ,404998 ,693 ,193590 ,1936318 ,10332 ,20785 ,2424 ,7785 ,24751 ,5278 ,28656 ,334127 ,136177 ,17731 ,864955 ,3699 ,3940 ,143982 ,187239 ,5862807 ,672934 ,78128 ,5402 ,19763 ,1331916 ,29121 ,5823 ,0 ,299813 ,2105679 ,130639 ,1311 ,15060 ,2392 ,2846 ,443976 ,536687 ,1152 ,11850 ,2126542 ,119124 ,10316 ,0 ,7167 ,0 ,3682 ,4905 ,483857 ,0 ,1500 ,20879 ,402453 ,37798 ,9153 ,1828 ,0 ,195410 ,6067 ,608000 ,159258 ,3174 ,11018 ,59195 ,22688 ,16178 ,18448 ,63163 ,5519337 ,44105 ,0 ,1755773 ,0 ,16947 ,14283 ,69661 ,18322 ,175532 ,3569 ,4428 ,198 ,92608 ,1250466 ,5849 ,72442 ,120452 ,22829 ,0 ,112025 ,32940 ,0 ,17697 ,1703069 ,9000 ,59831 ,94722 ,23398 ,25533 ,954 ,137 ,4956 ,97904 ,0 ,2895 ,4050 ,376317 ,29463 ,9136 ,2720 ,176485 ,36775 ,98972 ,3948692 ,12579 ,197285 ,10511 ,1784693 ,2055605 ,633132 ,4044000 ,11244 ,101070 ,8169550 ,7162 ,721 ,526 ,5593488 ,14393 ,0 ,3779 ,70496 ,115653 ,14805 ,222313 ,70549 ,7487 ,249481 ,108676 ,4340 ,93107 ,8431 ,9709 ,234500 ,1602036 ,1235936 ,2312810 ,28374 ,5857 ,13197 ,1509 ,1944 ,232771 ,356230 ,6927 ,0 ,2205 ,194453 ,10599 ,2598011 ,0 ,25353 ,6685 ,50444 ,13680 ,14278325 ,28198 ,12766 ,531919 ,0 ,47853 ,7894 ,14261 ,0 ,69127 ,22011 ,73313 ,25633 ,186370 ,80580 ,19434 ,53341 ,12842 ,121163 ,64188 ,148701 ,493999 ,2785135 ,600535 ,11457 ,954 ,9149230 ,154 ,8235 ,68300 ,791 ,26298 ,24195 ,10350 ,44719 ,4198 ,86747 ,8145 ,204087 ,31388 ,0 ,13087 ,951 ,149 ,3295 ,0 ,269011 ,15580 ,29010 ,36027 ,32284 ,14821 ,3347 ,33246 ,6560 ,22269 ,90637 ,13245 ,16875 ,3319 ,2805 ,9646 ,57783 ,14551 ,8031368 ,26905 ,71226 ,26850 ,12504 ,412434 ,8913 ,27651 ,1226 ,5420 ,0 ,51993 ,0 ,30028 ,65445 ,123563 ,902 ,38449 ,2478 ,98988 ,1286775 ,7358 ,135361 ,71842 ,2650 ,10924 ,567417 ,0 ,39726 ,3255 ,17953 ,34279 ,144978 ,1012 ,740386 ,717794 ,6528 ,208 ,13847 ,0 ,1171 ,19322 ,16441 ,710289 ,181446 ,889 ,9501 ,223396 ,60863 ,15182 ,131422 ,108327 ,473369 ,213716 ,0 ,297 ,606211 ,4383705 ,9999 ,944545 ,27734 ,3056 ,22493 ,18521 ,4060764 ,40490 ,5472 ,46100 ,41505 ,168343 ,9196 ,10925 ,242004 ,65317 ,6776 ,104547 ,545027 ,5830 ,9351 ,11331 ,31164 ,0 ,180179 ,22440 ,9801 ,18748 ,38775 ,1213850 ,569 ,106960 ,64095 ,1262461 ,0 ,0 ,5986 ,139848 ,119551 ,4834 ,169109 ,11163 ,59794 ,1658 ,432445 ,2068 ,435656 ,1483 ,1872 ,16263 ,510703 ,8894 ,1557 ,986 ,986 ,0 ,0 ,19744 ,108175 ,23922 ,131965 ,127916 ,0 ,245967 ,116336539 ,973 ,29635 ,39646 ,274185 ,0 ,82197 ,33218 ,670299 ,66033 ,3292800 ,6858 ,6798 ,1560 ,126099 ,4778 ,39437 ,8053 ,3046 ,43646 ,11653 ,34363 ,11858 ,15891 ,3825 ,611532 ,5266 ,41825 ,108386 ,2949611 ,875446 ,4323 ,4052412 ,6023 ,28669 ,14704 ,261663 ,4330 ,38615 ,8012 ,0 ,31025 ,117908 ,1403173 ,0 ,23750 ,2753 ,11304 ,23417 ,141365 ,7013 ,41766 ,14296 ,5646 ,52263 ,50525 ,148831 ,32466 ,1491 ,6865 ,83368 ,26104 ,932557 ,1942 ,16401 ,1683949 ,1900109 ,697 ,63237 ,7021 ,15969 ,6753 ,52750 ,34632 ,13520 ,78872 ,85085 ,689756 ,20564 ,17383 ,551 ,42240 ,292050 ,352500 ,30611 ,626672 ,8477537 ,957361 ,49465 ,512585 ,9603 ,8019 ,8445 ,111990 ,3050 ,618223 ,33681 ,0 ,133346 ,40204 ,0 ,220029 ,0 ,37337088 ,17111 ,55700 ,10703 ,65862 ,0 ,315740 ,78126 ,10902 ,59735 ,75749 ,2675531 ,23813 ,280727 ,233128 ,85407 ,92688 ,7185 ,0 ,31179 ,124700 ,1870 ,13821 ,13821 ,14766933 ,3904092 ,520 ,13642 ,7237169 ,4932341 ,626010 ,651 ,33725 ,200815 ,173154 ,8680 ,18124 ,23612 ,37915 ,476115 ,8323 ,14100 ,6447 ,277054 ,0 ,2254 ,5710183 ,25433 ,132396 ,8185281 ,522630 ,299278 ,15453 ,1688 ,296443 ,10632 ,14797 ,2057 ,2713 ,49027 ,30448 ,8080 ,39528 ,205833 ,40516 ,0 ,19893 ,39459 ,1487161 ,23502 ,0 ,1149 ,97 ,15440 ,105914 ,49965 ,43090 ,179458 ,549408 ,10604 ,1723411 ,21909 ,1052 ,666928851 ,47225 ,8616 ,1815 ,26600 ,3583234 ,9829 ,19480 ,3921 ,707451 ,1206 ,163 ,0 ,75296 ,11395 ,22498 ,29890 ,8688 ,251573 ,1814580 ,7137 ,748940 ,550436 ,0 ,8940 ,104046 ,4349 ,426 ,29015 ,8078 ,1051587 ,1668 ,81955 ,7933 ,2848223 ,15230 ,45725 ,218300 ,6177 ,6870 ,26234 ,6316 ,35562 ,1276 ,40138 ,25607 ,5513 ,15672 ,40322 ,25535 ,1282649 ,3394 ,152731 ,13559 ,17827 ,6551 ,9348 ,2551266 ,61540 ,1202160 ,139240 ,226 ,2479966 ,8496 ,14995 ,0 ,32319 ,245285 ,53696 ,82089 ,24505 ,2708 ,31044 ,2420 ,988743 ,0 ,8892 ,365331 ,274016 ,19132 ,543 ,6897 ,4498 ,88005 ,5074 ,2442 ,22483 ,93040 ,50114 ,42802524 ,4325703 ,12669200 ,76375 ,1991350 ,4581067 ,263117 ,4674378 ,1747 ,527726 ,39143 ,122801 ,18451 ,118822 ,10506 ,4497 ,0 ,373979 ,31989 ,2531 ,5134458 ,164485 ,54987 ,179226 ,2859 ,9030 ,4670548 ,30807 ,51011 ,1427225 ,0 ,56283 ,280429 ,14417 ,0 ,3445 ,47761 ,1501 ,24480 ,46692 ,392556 ,98307 ,251492 ,552 ,3218700 ,78807 ,38665 ,22392 ,2419 ,45948 ,7341667 ,17412 ,9811427 ,14910 ,11168 ,0 ,1464 ,0 ,0 ,178135 ,312888 ,34876267 ,135080 ,7358 ,4995 ,54592 ,23745 ,83880 ,3036 ,140576 ,30798 ,81865 ,311165 ,8229 ,4234 ,1064127 ,466442 ,58438 ,584159 ,574919 ,572994 ,789003 ,45460 ,21295 ,11290 ,1899572 ,1623924 ,2544777 ,112056 ,542476 ,2834224 ,1307328 ,14445 ,40554 ,4959 ,329316 ,181154 ,0 ,17158 ,0 ,3420 ,103904 ,915843 ,36297 ,130900 ,72005 ,35845 ,86671 ,80009 ,19427 ,194814 ,13811 ,1023 ,226816 ,12869787 ,1273 ,10335 ,41557 ,87112 ,24069 ,51107799 ,19307 ,983774 ,246965 ,69999 ,32394 ,28460 ,4015 ,145899 ,2830 ,260985 ,270617 ,55216 ,49226 ,3825 ,13498 ,187429 ,944 ,77192 ,182053 ,4590 ,6560507 ,11582352 ,80637 ,9109005 ,0 ,5092 ,3347 ,3761 ,17981 ,100548 ,16238 ,38436 ,3279099 ,72170 ,3746 ,34934 ,18767 ,242693 ,12035144 ,1891 ,1494 ,50597 ,66764 ,0 ,56918 ,9183 ,5455 ,3561646 ,504915 ,45105 ,2303683 ,21189 ,20020 ,0 ,155461 ,78518 ,59159 ,3083 ,205196 ,140906 ,133690 ,145357 ,479 ,35547 ,21353 ,129492 ,24670112 ,68135 ,37664 ,0 ,1896009 ,2371511674 ,189160 ,28747 ,42361 ,7536 ,163594 ,20163 ,2537 ,390 ,3664739 ,182477 ,46870 ,158862 ,4896 ,252546 ,7619 ,2557 ,6095 ,11859 ,24998 ,777259 ,230347 ,10054 ,4507 ,38935 ,35467 ,39458 ,2116 ,18580 ,383448 ,632 ,1614 ,3039 ,16833 ,233461 ,425126 ,36894 ,12068 ,18229 ,174831 ,2501029 ,2716 ,8254 ,814160 ,44913 ,1078887 ,92966 ,5966 ,12080 ,201512 ,17302 ,50630 ,5462 ,486 ,524051 ,107988 ,2201 ,13594 ,76279 ,7837 ,7011 ,906 ,1568 ,44122 ,129831 ,207584 ,23441 ,10451 ,5155 ,42001 ,16654 ,222618 ,3348 ,18021 ,1542 ,130959 ,34011 ,96599 ,5337 ,1754 ,136637 ,783301 ,3253 ,3430 ,3430 ,184442 ,892735 ,3414 ,3610107 ,14099 ,25902 ,2639 ,21611 ,18328 ,7410 ,36452 ,1303333 ,195065 ,88394 ,13856 ,4204 ,26520 ,135862 ,3745 
2021-06-01,199552 ,7625 ,8860 ,23628 ,0 ,0 ,68366 ,14271 ,93736 ,24436 ,6876 ,0 ,89477 ,102353 ,31668 ,103989 ,5227 ,0 ,5319 ,439536 ,40858 ,2215 ,200703 ,40782 ,35082 ,180118 ,291795 ,428489 ,4826 ,5177 ,0 ,11333 ,396668 ,231590 ,1965 ,55181 ,1747 ,162037 ,394940 ,16824 ,3488 ,1715 ,933 ,22584 ,34926 ,384521 ,56504891 ,8925 ,84088 ,106001 ,0 ,446613 ,0 ,24279 ,3916200 ,9446 ,17078 ,106163 ,22559 ,244215850 ,776537 ,10060 ,0 ,2126 ,4458 ,385224 ,106917 ,699 ,45038 ,1501 ,3433754 ,90783 ,3194781 ,16926 ,374 ,0 ,860 ,20859 ,52800 ,32611 ,10114 ,17398 ,160819 ,65636 ,4755 ,1463 ,811997 ,43386 ,2193 ,24087 ,33529 ,0 ,17945 ,30006 ,22033 ,17833 ,17281645 ,791133 ,144 ,0 ,157636 ,144 ,281450 ,2834 ,226277 ,56219 ,84156 ,1095826 ,176944 ,14077 ,751570 ,1918217 ,1835 ,32497 ,239007 ,32054 ,757547 ,4252064 ,266102 ,21226 ,502127 ,26436 ,87070 ,239229 ,9766 ,25276 ,407111 ,1324922 ,0 ,9088 ,3228 ,4021 ,13126 ,564069 ,28156 ,1250266 ,20670 ,46012 ,227388 ,0 ,206622 ,110903 ,26820 ,11442 ,0 ,1511 ,2071 ,8332288 ,53292 ,89100 ,26857 ,5180 ,17635 ,81045 ,301216 ,6641 ,283057 ,29790 ,17906 ,220881 ,0 ,23168 ,22455 ,11043 ,48617 ,1130098 ,215335 ,2939699 ,21153 ,1585 ,0 ,5594 ,36440 ,0 ,0 ,0 ,84027 ,58476 ,510999 ,18953 ,0 ,5881639 ,17531 ,31692 ,7347 ,51926 ,4718 ,48680 ,1131968 ,0 ,1836 ,1961 ,1584 ,0 ,30645 ,152556 ,2953 ,4803 ,0 ,0 ,332446 ,2239 ,12102 ,1411 ,2966800 ,50191 ,5244 ,6182 ,752441 ,2565 ,17962 ,25016 ,0 ,12942 ,68111 ,327393 ,2917 ,0 ,48009 ,9313 ,184525 ,442722 ,413 ,475615 ,2240106 ,6063 ,8519 ,11325 ,4218 ,5145 ,3024 ,8881 ,308039 ,99285 ,11101 ,921986 ,328 ,4957 ,116960 ,302384 ,11916940 ,673724 ,19447 ,6578 ,12389 ,1364890 ,6999 ,520 ,0 ,210724 ,2391791 ,95120 ,156 ,8926 ,9771 ,648 ,385077 ,509926 ,3144 ,10780 ,2447330 ,93882 ,24280 ,0 ,19083 ,0 ,1712 ,13195 ,410738 ,256 ,0 ,21622 ,429139 ,48505 ,3963 ,5057 ,0 ,133229 ,6335 ,771091 ,103563 ,159 ,10281 ,72627 ,33880 ,6243 ,12829 ,49034 ,5113555 ,28414 ,9099 ,1751318 ,0 ,9016 ,26123 ,56858 ,11544 ,142438 ,2544 ,3271 ,3063 ,77831 ,1213750 ,7738 ,104066 ,183037 ,24121 ,0 ,69182 ,18112 ,0 ,25779 ,1356356 ,8769 ,20969 ,53657 ,33687 ,4174 ,0 ,182 ,597 ,61534 ,0 ,2505 ,5594 ,322006 ,10426 ,40809 ,7377 ,143013 ,7680 ,107440 ,3041148 ,23286 ,196266 ,9014 ,1524463 ,1862178 ,521183 ,3488439 ,2067 ,87321 ,7366308 ,34680 ,3797 ,217 ,5088279 ,5233 ,3726 ,0 ,49660 ,72398 ,0 ,256767 ,50008 ,3465 ,188992 ,140836 ,3232 ,94812 ,956 ,6232 ,215797 ,1473754 ,1170099 ,2599805 ,17854 ,4489 ,3142 ,0 ,398 ,9384 ,343052 ,0 ,0 ,11290 ,190594 ,13429 ,2533426 ,0 ,31686 ,1371 ,45265 ,1182 ,12615657 ,16984 ,260 ,410087 ,0 ,26808 ,14517 ,5969 ,0 ,82613 ,20996 ,33848 ,12666 ,129505 ,121306 ,12445 ,8536 ,19717 ,81133 ,57062 ,193712 ,364683 ,2231502 ,426183 ,12594 ,2553 ,9544207 ,0 ,4110 ,106366 ,79 ,14292 ,10721 ,29528 ,34503 ,2743 ,22102 ,2662 ,159192 ,22544 ,0 ,5804 ,3071 ,0 ,8465 ,0 ,209188 ,10156 ,37727 ,23869 ,14676 ,12737 ,1786 ,35591 ,1995 ,10921 ,36963 ,15752 ,5320 ,1749 ,1035 ,6548 ,63838 ,29934 ,7316900 ,3675 ,55821 ,7517 ,17373 ,276023 ,9482 ,62273 ,3498 ,12088 ,0 ,37442 ,0 ,11835 ,76448 ,169006 ,158 ,70359 ,10208 ,71933 ,1123608 ,0 ,157577 ,70541 ,556 ,11030 ,547364 ,0 ,47652 ,3057 ,5523 ,29990 ,127090 ,271 ,376482 ,596904 ,3747 ,1197 ,6376 ,0 ,4242 ,7810 ,5594 ,673256 ,149217 ,24874 ,4780 ,104008 ,17720 ,15549 ,87631 ,52512 ,621734 ,215039 ,531 ,231 ,494851 ,4693649 ,4406 ,977144 ,28078 ,10817 ,526 ,14206 ,4223247 ,30874 ,4984 ,29951 ,15741 ,197537 ,3380 ,2548 ,219877 ,61061 ,6075 ,87691 ,627527 ,10883 ,6310 ,12144 ,11853 ,0 ,106095 ,28285 ,5750 ,25850 ,33851 ,967612 ,2123 ,64287 ,38393 ,1567756 ,0 ,0 ,26540 ,157834 ,94412 ,8169 ,182796 ,4944 ,65815 ,553 ,379788 ,3304 ,619914 ,651 ,0 ,11785 ,552237 ,7334 ,2892 ,3405 ,3405 ,0 ,0 ,20457 ,93110 ,14139 ,191315 ,134131 ,3342 ,124838 ,88564201 ,102 ,25687 ,39744 ,221753 ,0 ,105172 ,20135 ,640623 ,53174 ,3425158 ,6306 ,3659 ,1847 ,100018 ,6499 ,372312 ,11708 ,552 ,11070 ,10954 ,38417 ,4832 ,6402 ,12802 ,536434 ,3708 ,17940 ,92292 ,3099056 ,937045 ,4731 ,3731150 ,4078 ,36429 ,1316 ,158298 ,6417 ,24317 ,3865 ,0 ,46495 ,91494 ,1133590 ,0 ,12369 ,451 ,13946 ,23279 ,98656 ,0 ,39065 ,18565 ,2042 ,20243 ,23719 ,133558 ,38597 ,222 ,3011 ,108333 ,24884 ,862749 ,1464 ,6381 ,1708346 ,1893923 ,847 ,67446 ,868 ,11442 ,1301 ,63191 ,36109 ,29731 ,173733 ,93555 ,977870 ,30668 ,1836 ,717 ,31115 ,101876 ,197096 ,30999 ,413391 ,12112822 ,522302 ,47959 ,436584 ,0 ,12054 ,6265 ,101594 ,3696 ,421450 ,23552 ,0 ,328186 ,113676 ,1948 ,225912 ,0 ,35826356 ,17301 ,75100 ,9333 ,29505 ,2155 ,232775 ,70846 ,2045 ,83805 ,85541 ,2037645 ,53812 ,298188 ,167005 ,57925 ,82868 ,7233 ,0 ,40 ,91789 ,2090 ,14102 ,14102 ,16685477 ,4352074 ,3499 ,12760 ,7027371 ,3711351 ,571993 ,0 ,54651 ,107860 ,155696 ,3791 ,20147 ,41862 ,54101 ,474200 ,0 ,16177 ,4740 ,306489 ,0 ,5987 ,5497320 ,21966 ,58604 ,6958734 ,422647 ,315865 ,5637 ,303 ,546262 ,28431 ,16086 ,157 ,2828 ,40940 ,11875 ,638 ,59161 ,146386 ,24207 ,0 ,104664 ,36374 ,1263625 ,18203 ,0 ,673 ,2711 ,0 ,116034 ,77980 ,56229 ,85135 ,368602 ,2945 ,1628695 ,3629 ,0 ,658748687 ,50654 ,8121 ,984 ,24836 ,3486273 ,6221 ,16195 ,5233 ,715051 ,395 ,1020 ,0 ,127787 ,8452 ,17833 ,2233 ,664 ,237300 ,2160592 ,21708 ,1202854 ,500722 ,0 ,5052 ,120606 ,6205 ,0 ,26253 ,11743 ,579394 ,6293 ,86176 ,3458 ,3091712 ,4574 ,28400 ,188343 ,6830 ,6312 ,0 ,2783 ,12050 ,1605 ,4306 ,14843 ,7245 ,6963 ,51850 ,18958 ,1099476 ,2121 ,63675 ,20169 ,20743 ,4960 ,38678 ,2999448 ,80029 ,963736 ,14545 ,2095 ,2468678 ,9756 ,8430 ,8126 ,29409 ,218626 ,30793 ,90038 ,11150 ,2045 ,12240 ,3669 ,779580 ,0 ,1980 ,528092 ,122072 ,11004 ,0 ,1473 ,13443 ,61929 ,1103 ,2045 ,10317 ,12053 ,184212 ,41895351 ,4063357 ,10980882 ,56584 ,1784092 ,4567566 ,214180 ,3268768 ,8869 ,557385 ,52798 ,111419 ,22586 ,122418 ,16839 ,7640 ,5957 ,350907 ,6385 ,0 ,4427145 ,68371 ,97641 ,135707 ,1012 ,5652 ,2908420 ,20132 ,47986 ,1494503 ,679 ,42981 ,327641 ,12684 ,632 ,3008 ,28166 ,5596 ,48448 ,73992 ,404516 ,112422 ,176124 ,385 ,2137995 ,57449 ,4458 ,4623 ,0 ,47646 ,7328169 ,27715 ,8569488 ,9827 ,10095 ,0 ,179 ,0 ,0 ,152952 ,171707 ,31240448 ,99752 ,6103 ,4225 ,65407 ,17684 ,78050 ,13469 ,136375 ,34320 ,94079 ,343593 ,22100 ,3543 ,932588 ,430674 ,24499 ,335820 ,518489 ,455610 ,792105 ,20448 ,4603 ,9224 ,2003050 ,1706128 ,2582212 ,102438 ,538775 ,2974919 ,1159465 ,6409 ,22196 ,4630 ,217429 ,178021 ,1382 ,9667 ,0 ,8568 ,82810 ,1069600 ,18132 ,210662 ,62300 ,19393 ,78905 ,64045 ,40684 ,147367 ,11376 ,198 ,194871 ,11249519 ,2295 ,10881 ,27456 ,70927 ,22350 ,37849855 ,27771 ,958271 ,169145 ,29799 ,19709 ,40781 ,7065 ,161818 ,8204 ,140154 ,354528 ,21659 ,15736 ,0 ,33015 ,96171 ,4186 ,31954 ,75906 ,7571 ,6242207 ,12435545 ,59002 ,10148245 ,0 ,5447 ,3572 ,2345 ,41424 ,64695 ,15761 ,7620 ,3372305 ,60721 ,303 ,41542 ,18032 ,162209 ,11259718 ,868 ,3068 ,38892 ,25399 ,3537 ,57728 ,18065 ,710 ,3811713 ,628131 ,8924 ,2058125 ,74616 ,20743 ,0 ,93125 ,56045 ,40378 ,8450 ,121829 ,106858 ,139457 ,2622 ,296 ,44612 ,16486 ,24640 ,24514420 ,32955 ,37409 ,0 ,1632123 ,2244004979 ,121382 ,17795 ,35469 ,0 ,169719 ,20905 ,11103 ,0 ,3790815 ,107133 ,42623 ,129893 ,3866 ,220679 ,6543 ,5094 ,1730 ,18375 ,25880 ,704301 ,143266 ,2444 ,19955 ,26480 ,35669 ,22009 ,3455 ,17056 ,393125 ,0 ,0 ,20229 ,13592 ,193137 ,298043 ,35738 ,22627 ,34103 ,151834 ,1767307 ,1704 ,913 ,513203 ,43158 ,1120693 ,57536 ,2963 ,2562 ,124088 ,7721 ,40972 ,2516 ,1850 ,488243 ,81185 ,30234 ,7183 ,85301 ,2063 ,2580 ,422 ,12820 ,5493 ,125874 ,165854 ,48265 ,16744 ,8523 ,17189 ,14749 ,216965 ,5952 ,2679 ,2604 ,157717 ,37792 ,63872 ,24863 ,1718 ,124263 ,754061 ,1718 ,4414 ,4414 ,208985 ,699818 ,0 ,3550231 ,12129 ,25156 ,553 ,13034 ,266 ,384 ,13340 ,1113510 ,131718 ,67386 ,20243 ,552 ,25878 ,107338 ,5019 
2021-07-01,247927 ,6467 ,23830 ,4865 ,0 ,0 ,120368 ,7993 ,2581 ,5707 ,10517 ,0 ,112792 ,107012 ,41423 ,108073 ,4176 ,8488 ,4110 ,368253 ,39556 ,10185 ,347561 ,51055 ,66426 ,265236 ,308533 ,563569 ,19296 ,8626 ,0 ,15077 ,341690 ,220255 ,1269 ,84673 ,0 ,185125 ,291229 ,9038 ,2134 ,19851 ,2398 ,3652 ,20119 ,226607 ,64205794 ,272 ,128695 ,92647 ,0 ,423473 ,0 ,39237 ,3929466 ,6187 ,13707 ,214513 ,22177 ,257047092 ,1072495 ,8369 ,0 ,444 ,5611 ,529935 ,80679 ,317 ,83553 ,824 ,3224526 ,100589 ,3808091 ,30091 ,6544 ,0 ,4978 ,27261 ,43322 ,60564 ,14242 ,20904 ,144163 ,32669 ,9008 ,6097 ,977299 ,48412 ,2900 ,26785 ,16369 ,0 ,6349 ,7743 ,10535 ,23662 ,18108684 ,745049 ,2477 ,0 ,206702 ,1335 ,260108 ,887 ,194012 ,99155 ,113116 ,1532831 ,162569 ,2836 ,574543 ,1756373 ,2471 ,16620 ,413311 ,18755 ,780395 ,4891288 ,242036 ,24930 ,484636 ,20336 ,117984 ,313995 ,3667 ,73449 ,423005 ,1071353 ,0 ,12110 ,2445 ,5972 ,12879 ,499546 ,54719 ,1179765 ,15453 ,34629 ,217967 ,0 ,228801 ,96889 ,34955 ,10870 ,0 ,3847 ,3806 ,8913495 ,44718 ,66113 ,23862 ,7980 ,7059 ,38251 ,305260 ,84192 ,299962 ,27978 ,25410 ,246308 ,0 ,2050 ,21477 ,7612 ,23349 ,1106045 ,801633 ,3433421 ,19087 ,3698 ,268 ,2875 ,37281 ,0 ,0 ,0 ,69844 ,40032 ,548800 ,1221 ,2263 ,6782284 ,12705 ,67383 ,4180 ,28173 ,7684 ,64878 ,1353593 ,0 ,1785 ,3561 ,2860 ,0 ,9611 ,139441 ,553 ,8254 ,0 ,0 ,265498 ,447 ,2012 ,9618 ,3539884 ,65041 ,7542 ,5422 ,504261 ,10777 ,32566 ,9019 ,0 ,18625 ,82442 ,409202 ,692 ,0 ,89709 ,6979 ,162253 ,366555 ,1670 ,347978 ,1639977 ,5206 ,4335 ,6313 ,0 ,5531 ,2521 ,0 ,278929 ,49121 ,26270 ,921753 ,954 ,3354 ,156975 ,237374 ,12317472 ,606707 ,24071 ,4862 ,15344 ,1385881 ,9204 ,528 ,1629 ,202068 ,2179166 ,105806 ,13107 ,17971 ,2244 ,497 ,490792 ,540406 ,24473 ,28963 ,2577268 ,92931 ,48206 ,0 ,13500 ,0 ,2360 ,5773 ,432355 ,0 ,0 ,26637 ,618894 ,38881 ,3595 ,5223 ,3422 ,138687 ,1437 ,999864 ,127322 ,2414 ,8378 ,100868 ,1599 ,4012 ,27414 ,50811 ,5370510 ,34865 ,14254 ,1420407 ,0 ,10521 ,12126 ,104856 ,10157 ,179152 ,0 ,1882 ,21474 ,78605 ,1177610 ,7655 ,99015 ,145900 ,8496 ,0 ,80873 ,12299 ,0 ,7564 ,1370077 ,7506 ,99958 ,72916 ,11372 ,54689 ,0 ,1336 ,3015 ,74088 ,0 ,260 ,6447 ,310760 ,11093 ,9236 ,8418 ,195277 ,16480 ,86916 ,3312509 ,2337 ,178999 ,14855 ,1445615 ,1893009 ,564247 ,3548104 ,2584 ,46831 ,7655395 ,26091 ,468 ,1799 ,5472532 ,16216 ,660 ,0 ,50014 ,61941 ,0 ,237139 ,63600 ,2856 ,192938 ,124265 ,558 ,119651 ,1021 ,802 ,209461 ,1712498 ,1402195 ,2771810 ,23573 ,6496 ,21157 ,0 ,736 ,10912 ,293883 ,0 ,2465 ,3293 ,189006 ,14961 ,2361046 ,0 ,15250 ,354 ,20784 ,5335 ,12762444 ,12446 ,2673 ,401538 ,0 ,44718 ,11771 ,4338 ,0 ,57532 ,2839 ,122494 ,4416 ,139506 ,106908 ,14072 ,9312 ,18124 ,81444 ,67473 ,171420 ,331889 ,1585243 ,469695 ,21106 ,444 ,10937873 ,0 ,6128 ,22154 ,209 ,39397 ,101773 ,24036 ,54304 ,1 ,18803 ,12523 ,206464 ,3757 ,0 ,62662 ,0 ,0 ,0 ,12080 ,271216 ,8739 ,15395 ,33880 ,18479 ,12135 ,0 ,36577 ,0 ,22377 ,69423 ,43591 ,6341 ,7277 ,7724 ,4211 ,67478 ,988 ,7443720 ,12110 ,62527 ,8075 ,15282 ,283414 ,6498 ,14742 ,2618 ,3042 ,0 ,19511 ,0 ,15040 ,36005 ,172643 ,3178 ,64498 ,2535 ,108057 ,1091336 ,0 ,134125 ,43562 ,601 ,3320 ,571927 ,2652 ,42724 ,3856 ,5942 ,29968 ,93728 ,319 ,291779 ,726882 ,10556 ,0 ,368 ,0 ,7944 ,2383 ,5359 ,691492 ,162015 ,15783 ,7567 ,218709 ,51522 ,13571 ,127980 ,58427 ,775465 ,180096 ,524 ,0 ,526335 ,5198353 ,5669 ,821489 ,21626 ,4497 ,3056 ,14069 ,4688669 ,25377 ,21137 ,58191 ,7750 ,90737 ,14033 ,2365 ,148084 ,87462 ,4316 ,85727 ,605519 ,16592 ,15816 ,25869 ,16814 ,0 ,135220 ,50611 ,2034 ,8816 ,21744 ,760210 ,1533 ,103505 ,38854 ,1911795 ,257 ,257 ,7779 ,186318 ,83148 ,0 ,188943 ,5600 ,45761 ,914 ,400516 ,7179 ,497500 ,17112 ,0 ,974 ,596237 ,4491 ,2303 ,2161 ,2161 ,0 ,1709 ,13709 ,67765 ,24964 ,223505 ,124993 ,7599 ,141879 ,77469034 ,112 ,10613 ,34413 ,264866 ,0 ,113769 ,6112 ,631575 ,62050 ,4010275 ,3163 ,203 ,444 ,97754 ,7586 ,50128 ,14738 ,0 ,7647 ,4572 ,31711 ,5800 ,13365 ,4897 ,530703 ,774 ,1697 ,98280 ,4019066 ,942383 ,1114 ,3988324 ,4804 ,36175 ,9147 ,269606 ,563 ,35331 ,19727 ,0 ,32630 ,71343 ,1050390 ,0 ,27972 ,0 ,10803 ,25513 ,100267 ,0 ,40607 ,22810 ,5 ,39531 ,17705 ,83178 ,21872 ,11884 ,17063 ,84442 ,29195 ,915768 ,2665 ,3804 ,2232030 ,1786727 ,308 ,58614 ,4507 ,10870 ,1674 ,38731 ,35215 ,23153 ,176508 ,92221 ,1283065 ,14947 ,0 ,15281 ,70808 ,116903 ,191112 ,49949 ,414430 ,9722147 ,427008 ,48331 ,460128 ,0 ,40052 ,4219 ,223170 ,3723 ,442775 ,31794 ,0 ,239820 ,45942 ,579 ,221971 ,3573 ,35406494 ,11377 ,56575 ,8023 ,4918 ,574 ,222652 ,141107 ,1617 ,82839 ,99307 ,2373479 ,72444 ,283752 ,229180 ,63758 ,96201 ,5249 ,0 ,1132 ,97539 ,0 ,25575 ,25575 ,13992683 ,4396745 ,2385 ,27984 ,6972578 ,4781169 ,529232 ,0 ,18878 ,287500 ,159851 ,4009 ,10585 ,37561 ,26379 ,533309 ,0 ,8292 ,4090 ,311867 ,0 ,5565 ,6215225 ,28134 ,90138 ,5459265 ,468829 ,301218 ,10423 ,0 ,490746 ,16384 ,21229 ,832 ,2352 ,45698 ,18771 ,0 ,49390 ,165989 ,44841 ,0 ,66699 ,38264 ,1177998 ,27990 ,0 ,731 ,7417 ,0 ,102754 ,40320 ,40966 ,77601 ,419723 ,4687 ,1435230 ,6120 ,0 ,641835643 ,53190 ,7376 ,1211 ,0 ,3504232 ,8846 ,7096 ,10547 ,727421 ,26 ,1710 ,0 ,179904 ,8314 ,4162 ,10004 ,10137 ,141457 ,2378296 ,11097 ,963909 ,444835 ,0 ,8306 ,95224 ,6314 ,0 ,31035 ,3569 ,594718 ,9320 ,114226 ,3246 ,2888636 ,10018 ,51371 ,161795 ,2791 ,2435 ,0 ,2119 ,3678 ,3883 ,15417 ,23832 ,5266 ,8604 ,29614 ,11460 ,1542828 ,0 ,155659 ,25591 ,16746 ,511 ,22016 ,2068218 ,38147 ,1135945 ,38810 ,417 ,2382663 ,2863 ,60431 ,0 ,27429 ,233910 ,41201 ,110793 ,14621 ,526 ,1331 ,4812 ,706141 ,0 ,5586 ,565714 ,85218 ,5739 ,0 ,6002 ,6312 ,62290 ,15757 ,4179 ,8619 ,12996 ,155870 ,42134091 ,4642611 ,11267288 ,44244 ,1747250 ,4437200 ,280244 ,3386044 ,1336 ,556996 ,85644 ,105256 ,22253 ,117226 ,31591 ,5252 ,980 ,378217 ,38835 ,0 ,5309735 ,77546 ,65274 ,137669 ,1547 ,20878 ,2432287 ,26757 ,40973 ,1429183 ,0 ,101861 ,269492 ,23286 ,0 ,1903 ,34757 ,3754 ,40712 ,41545 ,258365 ,137880 ,103056 ,3179 ,1855144 ,110183 ,15915 ,12964 ,0 ,24357 ,8150841 ,4786 ,7868706 ,11388 ,10206 ,2617 ,1646 ,196 ,0 ,209764 ,157349 ,32334637 ,90550 ,3748 ,3149 ,71548 ,61898 ,81767 ,2454 ,132375 ,34103 ,91733 ,361805 ,33916 ,1498 ,1220406 ,417814 ,23331 ,356752 ,549569 ,482803 ,844617 ,22761 ,12154 ,7359 ,2059777 ,1565371 ,2467160 ,89958 ,916010 ,3775276 ,1132541 ,14682 ,14200 ,6835 ,218855 ,173236 ,7299 ,451 ,0 ,2580 ,76650 ,1194627 ,37459 ,144787 ,75732 ,14437 ,75648 ,128730 ,56306 ,160590 ,37086 ,444 ,232194 ,11370652 ,2444 ,1569 ,7752 ,120459 ,12445 ,43084694 ,20304 ,1031435 ,142071 ,29550 ,10959 ,40203 ,12470 ,149879 ,8571 ,294718 ,408024 ,38514 ,29375 ,0 ,20600 ,124540 ,4175 ,25404 ,68795 ,0 ,6663474 ,12754969 ,45227 ,11408449 ,0 ,4208 ,11900 ,1357 ,17247 ,81103 ,18283 ,8773 ,3120342 ,43039 ,2876 ,53837 ,25821 ,122435 ,10999780 ,1181 ,6 ,41842 ,19957 ,3959 ,70199 ,19843 ,368 ,3707502 ,443148 ,14861 ,2132498 ,33508 ,12566 ,0 ,79559 ,73231 ,61569 ,0 ,168135 ,96010 ,164493 ,7767 ,2753 ,49278 ,7710 ,31079 ,28997155 ,51243 ,44457 ,0 ,2166907 ,2141173127 ,261045 ,42690 ,52873 ,0 ,128208 ,14813 ,10916 ,0 ,3887018 ,111004 ,31002 ,138721 ,1674 ,276586 ,8455 ,26484 ,203 ,26584 ,24429 ,669474 ,169174 ,2194 ,12471 ,36832 ,29362 ,20104 ,7832 ,22332 ,416006 ,0 ,0 ,4278 ,15762 ,134346 ,293963 ,107942 ,28283 ,60085 ,221028 ,1686084 ,1661 ,687 ,506969 ,36446 ,1109929 ,54800 ,2822 ,2729 ,131938 ,2717 ,60417 ,3591 ,6560 ,224253 ,93563 ,7575 ,5720 ,81948 ,19019 ,0 ,711 ,9743 ,60536 ,152781 ,115170 ,49239 ,17320 ,11098 ,17406 ,15704 ,227413 ,4947 ,2148 ,0 ,158381 ,44475 ,73013 ,41193 ,2823 ,121926 ,768835 ,2292 ,4190 ,4190 ,165540 ,804968 ,0 ,3531130 ,8635 ,37053 ,0 ,33194 ,0 ,459 ,24343 ,1132765 ,132475 ,117130 ,6880 ,260 ,30776 ,106066 ,2625 
2021-08-01,200317 ,5748 ,4840 ,8814 ,5455 ,0 ,114140 ,24390 ,24292 ,647 ,566 ,7847 ,64047 ,72870 ,12447 ,123345 ,4555 ,10263 ,6236 ,293790 ,25388 ,5222 ,377768 ,33091 ,41990 ,218975 ,298276 ,460816 ,972 ,77 ,0 ,25794 ,325422 ,216170 ,15936 ,128083 ,0 ,114613 ,124021 ,12642 ,1943 ,19743 ,712 ,10190 ,32312 ,122713 ,67265369 ,2687 ,137935 ,106819 ,490 ,198665 ,0 ,21332 ,3993973 ,1007 ,20496 ,231640 ,18017 ,228943260 ,1100646 ,8698 ,0 ,0 ,7606 ,560583 ,63428 ,490 ,50876 ,3634 ,3101667 ,110177 ,3224047 ,24459 ,472 ,2891 ,17116 ,20425 ,52786 ,29035 ,16022 ,792 ,175938 ,26649 ,31886 ,7923 ,773752 ,66878 ,6468 ,19421 ,24720 ,0 ,57162 ,13160 ,9781 ,22362 ,18327498 ,871279 ,224 ,0 ,167216 ,179 ,239264 ,4307 ,47271 ,54662 ,29315 ,1057704 ,151993 ,80871 ,638215 ,1701647 ,3412 ,17631 ,293694 ,2631 ,602213 ,3333368 ,192822 ,29505 ,439668 ,31516 ,95983 ,25969 ,4932 ,27195 ,328869 ,1121690 ,3446 ,14057 ,2729 ,921 ,5374 ,552207 ,22232 ,1282429 ,15375 ,55060 ,193968 ,0 ,192543 ,107606 ,37445 ,10895 ,0 ,10107 ,1228 ,8317386 ,56371 ,137474 ,21356 ,5293 ,21100 ,82774 ,320604 ,33005 ,262972 ,17681 ,7400 ,282042 ,0 ,4797 ,46196 ,17940 ,54627 ,1164831 ,225052 ,3016931 ,32296 ,3568 ,0 ,64870 ,15944 ,0 ,0 ,0 ,61419 ,30811 ,541469 ,7644 ,2461 ,6289587 ,19288 ,8866 ,19917 ,41650 ,14423 ,96459 ,1098037 ,0 ,2393 ,559 ,1856 ,98 ,11892 ,135589 ,3194 ,6564 ,2660 ,0 ,257856 ,454 ,4939 ,1231 ,3578148 ,47068 ,32990 ,10630 ,129670 ,21092 ,2134 ,25969 ,0 ,27074 ,104756 ,376341 ,9765 ,0 ,55520 ,20151 ,158186 ,418944 ,429 ,423000 ,1213372 ,10324 ,1892 ,7249 ,0 ,1672 ,1365 ,0 ,287930 ,90510 ,21226 ,188343 ,435 ,2513 ,160548 ,222323 ,12480900 ,567032 ,2580 ,5184 ,14299 ,1221759 ,4604 ,585 ,0 ,195708 ,1982538 ,69690 ,8253 ,43781 ,2235 ,536 ,466717 ,893144 ,27509 ,9959 ,2191524 ,152551 ,35611 ,0 ,10360 ,0 ,1490 ,2004 ,487111 ,0 ,0 ,12392 ,575341 ,61882 ,8718 ,8871 ,68298 ,147477 ,1651 ,67830 ,113572 ,8581 ,9643 ,193528 ,8053 ,37043 ,26881 ,13885 ,5089092 ,44459 ,19746 ,1340878 ,729 ,21328 ,16982 ,39662 ,13591 ,197981 ,0 ,5234 ,10427 ,66337 ,1071679 ,5843 ,38537 ,151085 ,13347 ,0 ,87905 ,21910 ,0 ,12586 ,1247455 ,4867 ,34535 ,105302 ,18819 ,4844 ,0 ,0 ,2813 ,40181 ,0 ,1231 ,4844 ,144014 ,10564 ,16566 ,15194 ,157681 ,6729 ,85583 ,3185712 ,23557 ,178898 ,11765 ,1420137 ,1999765 ,573265 ,1732476 ,4172 ,87808 ,7794612 ,16848 ,2838 ,0 ,5577726 ,8836 ,2197 ,0 ,63366 ,121803 ,4333 ,146194 ,81353 ,2688 ,146603 ,155294 ,1923 ,102188 ,5208 ,3762 ,253570 ,1101278 ,1335834 ,2380176 ,17494 ,6128 ,5862 ,232 ,41 ,24269 ,429627 ,5396 ,632 ,20872 ,167398 ,9877 ,2305998 ,2912 ,19887 ,2580 ,40765 ,3504 ,13783989 ,7077 ,2769 ,360724 ,0 ,56371 ,5954 ,6460 ,0 ,48971 ,13086 ,76529 ,5004 ,89920 ,90604 ,10192 ,28013 ,22715 ,73379 ,64341 ,193277 ,341147 ,1252686 ,520747 ,8691 ,1765 ,9243366 ,0 ,9558 ,62932 ,0 ,18138 ,16429 ,30340 ,30185 ,4787 ,10224 ,5337 ,252305 ,11612 ,1480 ,22902 ,0 ,0 ,0 ,2066 ,307773 ,12338 ,18929 ,48984 ,6664 ,11065 ,0 ,34390 ,0 ,12507 ,58727 ,30212 ,723 ,1026 ,7226 ,15678 ,47521 ,1487 ,3675239 ,3823 ,41511 ,12358 ,17205 ,229066 ,4987 ,0 ,8891 ,1547 ,0 ,9136 ,0 ,51500 ,12321 ,119627 ,1253 ,62188 ,3001 ,153862 ,1075086 ,0 ,144132 ,45784 ,1266 ,10563 ,566058 ,2889 ,54558 ,5497 ,19539 ,37082 ,176395 ,306 ,204911 ,256035 ,2038 ,0 ,5905 ,0 ,480 ,5616 ,7474 ,563265 ,198439 ,725 ,5612 ,173519 ,61845 ,13749 ,129411 ,49943 ,705529 ,191468 ,517 ,0 ,834831 ,4191406 ,5375 ,748654 ,11660 ,3377 ,429 ,11405 ,4321986 ,38619 ,5144 ,15598 ,2219 ,79758 ,3454 ,4184 ,290052 ,30413 ,13520 ,113700 ,593485 ,2987 ,19764 ,13477 ,26601 ,0 ,86573 ,57722 ,6078 ,27964 ,23900 ,339129 ,0 ,75172 ,45563 ,1598321 ,457 ,457 ,4675 ,196864 ,112875 ,0 ,184415 ,3677 ,43807 ,1051 ,357432 ,1772 ,351579 ,11663 ,2418 ,11985 ,468910 ,4556 ,1868 ,2196 ,2196 ,3461 ,3175 ,7470 ,34888 ,28640 ,167416 ,139165 ,2270 ,92432 ,61472379 ,352 ,19371 ,29945 ,225571 ,0 ,72001 ,22595 ,655837 ,67717 ,3651990 ,3714 ,0 ,0 ,98729 ,9853 ,80761 ,18980 ,0 ,14215 ,0 ,77126 ,6053 ,5857 ,2879 ,580146 ,2500 ,0 ,86731 ,2876937 ,799907 ,18076 ,3833704 ,3449 ,31911 ,4754 ,1160743 ,2517 ,51967 ,38308 ,0 ,46115 ,102678 ,988371 ,0 ,20143 ,0 ,17545 ,30312 ,75078 ,0 ,17118 ,21320 ,2327 ,18415 ,13724 ,43598 ,34834 ,884 ,10581 ,94584 ,5172 ,588035 ,0 ,11298 ,2389721 ,1801110 ,520 ,70476 ,657 ,10895 ,0 ,93318 ,37331 ,3184 ,170377 ,46010 ,1139094 ,20881 ,0 ,16699 ,23810 ,111293 ,535822 ,39753 ,397426 ,11674173 ,335988 ,38432 ,547701 ,0 ,4828 ,13617 ,318667 ,4928 ,460763 ,22195 ,0 ,123978 ,15196 ,2913 ,229150 ,0 ,32986579 ,8635 ,43147 ,11692 ,23787 ,2312 ,200310 ,175301 ,128 ,89058 ,86804 ,1925671 ,108478 ,261424 ,272158 ,63430 ,80406 ,6842 ,0 ,5330 ,103138 ,0 ,18619 ,18619 ,11857085 ,3866379 ,176 ,13206 ,7068703 ,4857989 ,599359 ,2497 ,22005 ,179941 ,156883 ,20574 ,20179 ,0 ,15127 ,533993 ,378 ,12258 ,3043 ,261527 ,0 ,5439 ,9207943 ,15978 ,65859 ,5488763 ,529467 ,261201 ,4385 ,0 ,510364 ,13735 ,10507 ,0 ,17404 ,32615 ,6913 ,0 ,25123 ,170957 ,64971 ,0 ,245732 ,49296 ,1188504 ,9906 ,0 ,1224 ,0 ,0 ,98132 ,31343 ,45119 ,97832 ,482744 ,3080 ,1600100 ,7924 ,0 ,653999154 ,59291 ,5702 ,6 ,0 ,2291512 ,2876 ,1898 ,10264 ,718476 ,2594 ,179 ,0 ,78680 ,12447 ,20622 ,1593 ,2029 ,201225 ,2228804 ,6647 ,813179 ,434400 ,224 ,3970 ,93784 ,27513 ,2305 ,24723 ,1618 ,362401 ,2608 ,109830 ,3173 ,2660960 ,11573 ,31202 ,168730 ,2085 ,0 ,2481 ,0 ,21559 ,2257 ,7600 ,18753 ,3119 ,2787 ,27657 ,19657 ,1479616 ,0 ,61359 ,15207 ,18421 ,11053 ,7651 ,1993006 ,56258 ,750429 ,67525 ,718 ,2475875 ,3173 ,1832 ,0 ,86254 ,303457 ,23470 ,136909 ,17268 ,0 ,13872 ,0 ,631790 ,0 ,20873 ,411138 ,84690 ,12418 ,0 ,2277 ,6283 ,73497 ,3760 ,2528 ,4025 ,5313 ,171256 ,42337149 ,3697939 ,11542293 ,64088 ,1715078 ,5754961 ,324672 ,3763345 ,3824 ,557552 ,65477 ,167272 ,19903 ,126061 ,18157 ,2634 ,18290 ,235223 ,21122 ,0 ,4871347 ,90083 ,42832 ,148377 ,1255 ,3299 ,2663732 ,10207 ,44627 ,1372104 ,0 ,34222 ,238997 ,32345 ,0 ,4673 ,44853 ,8711 ,52331 ,53883 ,715585 ,84683 ,99507 ,0 ,1565041 ,62258 ,41716 ,7847 ,0 ,22601 ,8197666 ,6483 ,7735823 ,4791 ,7829 ,98 ,1237 ,0 ,0 ,125737 ,177276 ,30922380 ,198971 ,6948 ,4181 ,81294 ,51858 ,89775 ,6303 ,141104 ,32568 ,52813 ,327850 ,19436 ,3587 ,1033961 ,156584 ,1058 ,218651 ,555936 ,537199 ,782421 ,89367 ,5818 ,9941 ,2017386 ,1620856 ,2217141 ,82803 ,977989 ,3076780 ,1136053 ,25311 ,26017 ,6055 ,210455 ,161521 ,0 ,780 ,700 ,5498 ,44014 ,1260841 ,20163 ,176358 ,81175 ,19305 ,75406 ,179156 ,52935 ,162584 ,4055 ,0 ,209334 ,12532038 ,1707 ,4815 ,11298 ,105494 ,16381 ,41175705 ,7387 ,989870 ,170206 ,20077 ,26106 ,40150 ,9331 ,159833 ,8390 ,135342 ,370478 ,15365 ,29806 ,227 ,33878 ,101055 ,0 ,31408 ,56632 ,0 ,6472132 ,10905377 ,29469 ,10535069 ,0 ,909 ,7436 ,2539 ,36116 ,96140 ,15495 ,6104 ,3058084 ,75631 ,244 ,28644 ,18786 ,179561 ,7090053 ,526 ,554 ,29243 ,15516 ,0 ,27388 ,22224 ,1784 ,3678484 ,531795 ,0 ,2135682 ,28543 ,10924 ,16169 ,94129 ,52333 ,43746 ,0 ,171627 ,98204 ,143317 ,0 ,0 ,31644 ,26145 ,38713 ,23715686 ,0 ,55860 ,0 ,2098000 ,2015756485 ,219194 ,42746 ,45695 ,0 ,166164 ,17749 ,4119 ,496 ,3683628 ,87404 ,27905 ,116893 ,1294 ,244517 ,8804 ,6015 ,1631 ,25331 ,21830 ,665779 ,154164 ,7486 ,6947 ,35552 ,30480 ,15858 ,6096 ,16177 ,361188 ,0 ,0 ,5651 ,21423 ,177948 ,273403 ,95860 ,46256 ,34686 ,225471 ,497338 ,3370 ,3472 ,518083 ,50911 ,993785 ,65727 ,1295 ,5185 ,161403 ,5772 ,62997 ,3962 ,4704 ,208664 ,78249 ,10109 ,1705 ,84349 ,31111 ,0 ,4456 ,2824 ,45914 ,138381 ,172507 ,45549 ,14248 ,20801 ,15254 ,13336 ,201563 ,7814 ,0 ,0 ,164592 ,24901 ,84983 ,0 ,5570 ,132520 ,652513 ,490 ,6597 ,6597 ,37912 ,418146 ,0 ,3718612 ,11763 ,59533 ,0 ,32842 ,0 ,2867 ,17596 ,1174464 ,126114 ,79829 ,1766 ,1376 ,17260 ,129454 ,2764 
2021-09-01,272444 ,2205 ,28642 ,1718 ,3003 ,0 ,68140 ,18307 ,8428 ,1039 ,7019 ,5528 ,80305 ,94408 ,66097 ,117151 ,4375 ,13549 ,1560 ,334853 ,23882 ,39748 ,411894 ,65710 ,91147 ,260513 ,304945 ,486785 ,2784 ,63093 ,307 ,7223 ,334929 ,420823 ,3205 ,56407 ,0 ,125037 ,72148 ,13903 ,5543 ,15104 ,6282 ,9744 ,26295 ,424941 ,64517201 ,0 ,90779 ,124403 ,0 ,153062 ,0 ,3341 ,3992572 ,4968 ,22037 ,215165 ,12033 ,249368431 ,1139981 ,9145 ,0 ,0 ,3804 ,448187 ,76700 ,0 ,50800 ,789 ,6177193 ,99136 ,3818163 ,28319 ,5529 ,4109 ,8250 ,9605 ,60017 ,42416 ,8779 ,17746 ,173246 ,115131 ,1156 ,6530 ,847665 ,58055 ,6132 ,34769 ,6174 ,0 ,71466 ,18967 ,31457 ,40764 ,18776524 ,749148 ,665 ,0 ,131232 ,205 ,265418 ,3794 ,102099 ,44328 ,20955 ,1710562 ,189537 ,5926 ,617490 ,2043116 ,7678 ,27669 ,391869 ,6791 ,724319 ,3030734 ,214683 ,41722 ,458830 ,76816 ,69223 ,419114 ,3908 ,30737 ,317121 ,933586 ,0 ,58711 ,1635 ,510 ,1219 ,605725 ,35662 ,1179390 ,21719 ,45622 ,138595 ,0 ,247879 ,86480 ,302647 ,10438 ,0 ,7511 ,3080 ,7854667 ,58944 ,113208 ,11190 ,4654 ,27146 ,82568 ,310621 ,206498 ,246020 ,36970 ,5322 ,162601 ,0 ,13921 ,57901 ,15914 ,54499 ,918680 ,83645 ,2520541 ,23198 ,272 ,0 ,12668 ,11664 ,0 ,0 ,0 ,68287 ,43650 ,541574 ,1693 ,646 ,7073206 ,10144 ,28451 ,5832 ,38970 ,12134 ,104824 ,1281791 ,0 ,0 ,0 ,3971 ,322 ,9911 ,157890 ,1446 ,4046 ,1327 ,358 ,206793 ,1563 ,4204 ,6950 ,2674991 ,70823 ,43729 ,12616 ,119882 ,47308 ,29609 ,3662 ,0 ,19686 ,55770 ,358651 ,1238 ,325 ,81852 ,14341 ,176715 ,384206 ,2097 ,505898 ,2423044 ,27398 ,5966 ,3843 ,0 ,2547 ,1427 ,8751 ,293727 ,87173 ,3276 ,48201 ,3778 ,2138 ,185151 ,209257 ,13667017 ,578828 ,2117 ,5556 ,18639 ,1153872 ,7071 ,1764 ,0 ,152411 ,2071021 ,40019 ,4531 ,82340 ,1212 ,6127 ,685730 ,338549 ,9494 ,11479 ,2669935 ,88339 ,31091 ,0 ,5429 ,0 ,30321 ,2696 ,402998 ,2355 ,0 ,18059 ,855808 ,19504 ,5668 ,4859 ,117128 ,125178 ,6382 ,125801 ,109887 ,33103 ,10724 ,291045 ,0 ,29894 ,9779 ,14361 ,6203618 ,39057 ,11517 ,1404628 ,0 ,17646 ,14652 ,48269 ,30486 ,713342 ,0 ,5107 ,2089 ,57672 ,1383923 ,2533 ,32537 ,132496 ,17264 ,0 ,66829 ,18178 ,0 ,13251 ,1315408 ,8852 ,14449 ,81119 ,12820 ,15495 ,0 ,0 ,0 ,40132 ,1719 ,4212 ,1108 ,209934 ,12395 ,16396 ,7047 ,208111 ,13821 ,95541 ,3024582 ,26720 ,171286 ,10780 ,1523216 ,1890728 ,451959 ,1938948 ,2337 ,50431 ,6719175 ,34834 ,4749 ,0 ,5788533 ,6383 ,436 ,3203 ,45116 ,83532 ,18238 ,240512 ,61320 ,4097 ,263095 ,204618 ,549 ,97188 ,911 ,27439 ,239153 ,989005 ,1307213 ,2339459 ,19543 ,3877 ,13550 ,0 ,0 ,16847 ,405653 ,1206 ,782 ,6008 ,206124 ,1056 ,2350155 ,1809 ,26473 ,0 ,14054 ,2604 ,14451173 ,11782 ,2854 ,441673 ,0 ,58944 ,632 ,4438 ,0 ,123433 ,11314 ,21180 ,9817 ,87378 ,43404 ,14041 ,21406 ,10647 ,101507 ,90100 ,177025 ,381059 ,1314196 ,542408 ,3453 ,7084 ,8405049 ,0 ,4918 ,28595 ,0 ,11885 ,4891 ,15345 ,129882 ,0 ,24060 ,5852 ,165135 ,8669 ,2005 ,20456 ,2979 ,0 ,0 ,1897 ,351729 ,15767 ,29919 ,24016 ,3489 ,21803 ,0 ,38096 ,2066 ,2300 ,50743 ,9847 ,1983 ,912 ,5896 ,12450 ,78363 ,408 ,4509744 ,22235 ,89984 ,8388 ,18406 ,283924 ,2321 ,0 ,1214 ,3535 ,0 ,7592 ,0 ,33716 ,22113 ,190784 ,21561 ,76089 ,3489 ,123561 ,1293510 ,0 ,107282 ,36340 ,936 ,35290 ,560413 ,0 ,36960 ,48503 ,2353 ,29748 ,100413 ,1108 ,402293 ,192121 ,2345 ,0 ,10681 ,0 ,3329 ,11422 ,39441 ,428430 ,208092 ,15322 ,8380 ,314215 ,58579 ,13044 ,84922 ,53686 ,708149 ,206704 ,491 ,0 ,419992 ,4548166 ,5422 ,1018337 ,18112 ,744 ,0 ,26223 ,5096377 ,45619 ,15572 ,26624 ,0 ,89094 ,2548 ,0 ,254147 ,20303 ,8532 ,123179 ,617399 ,33826 ,4130 ,27926 ,36127 ,0 ,102035 ,45493 ,9234 ,34208 ,20874 ,633358 ,0 ,21230 ,36773 ,1333799 ,1395 ,1395 ,9503 ,190369 ,125738 ,3310 ,151672 ,4561 ,30340 ,1035 ,378363 ,0 ,281093 ,16892 ,485 ,11911 ,419353 ,14508 ,757 ,1036 ,1036 ,230 ,0 ,6260 ,23305 ,14367 ,163384 ,98843 ,2580 ,104207 ,57585443 ,139 ,23959 ,43562 ,211289 ,11499 ,84708 ,266831 ,597307 ,95335 ,3351560 ,4085 ,8185 ,0 ,86068 ,100611 ,210899 ,23072 ,0 ,8593 ,0 ,68826 ,4537 ,9947 ,7830 ,554877 ,11717 ,0 ,77535 ,2653942 ,753598 ,41358 ,3703420 ,0 ,30466 ,3954 ,277095 ,29226 ,17820 ,22822 ,6907 ,66989 ,93030 ,994095 ,0 ,24066 ,0 ,17072 ,25519 ,95009 ,242 ,44369 ,23728 ,720 ,12954 ,17689 ,62223 ,57172 ,458 ,19258 ,133298 ,4799 ,666296 ,0 ,3942 ,2299419 ,1810099 ,2412 ,73362 ,2944 ,10438 ,0 ,313250 ,41867 ,7080 ,386081 ,109716 ,636695 ,32979 ,0 ,629 ,40957 ,106638 ,311206 ,55697 ,369169 ,9386331 ,356962 ,45035 ,443077 ,0 ,18682 ,7192 ,102510 ,10351 ,373928 ,72314 ,282 ,186816 ,14422 ,598 ,211953 ,0 ,34225562 ,25375 ,47406 ,7173 ,15015 ,0 ,194553 ,217701 ,2300 ,97787 ,64955 ,1781767 ,278077 ,344562 ,253371 ,59761 ,221303 ,3647 ,0 ,14150 ,122497 ,0 ,10005 ,10005 ,10045762 ,4142072 ,1331 ,11803 ,7066042 ,4743407 ,681233 ,2538 ,25509 ,268580 ,123708 ,6998 ,19987 ,0 ,23678 ,489514 ,0 ,18980 ,3117 ,228553 ,0 ,3174 ,10883133 ,18752 ,68502 ,5493682 ,379577 ,231773 ,6530 ,1172 ,482820 ,14617 ,6904 ,0 ,3791 ,31514 ,8670 ,1298 ,28934 ,194992 ,58776 ,0 ,144663 ,106648 ,1261438 ,6237 ,0 ,0 ,0 ,0 ,101623 ,22032 ,38495 ,117088 ,498038 ,3170 ,1682873 ,6353 ,0 ,705323588 ,44891 ,3727 ,1723 ,8439 ,3295980 ,960 ,3822 ,78102 ,657080 ,2394 ,396 ,0 ,231332 ,10396 ,7758 ,304 ,125 ,251308 ,2092553 ,26603 ,741856 ,381529 ,253 ,7377 ,73787 ,17932 ,1270 ,22197 ,4237 ,479363 ,14612 ,145736 ,0 ,2448162 ,2451 ,149510 ,127401 ,657 ,0 ,14248 ,0 ,3400 ,1252 ,13772 ,29198 ,4541 ,1279 ,27790 ,16011 ,1418077 ,1548 ,77219 ,8119 ,5684 ,11098 ,16020 ,2289040 ,30551 ,641596 ,64857 ,3384 ,2404225 ,4142 ,0 ,0 ,52434 ,369326 ,17479 ,115497 ,10139 ,0 ,16184 ,0 ,626107 ,0 ,18186 ,367930 ,40103 ,5378 ,0 ,1981 ,4358 ,114107 ,11014 ,3490 ,426 ,6788 ,93485 ,42392672 ,3871202 ,12086622 ,86189 ,1680092 ,5242227 ,237045 ,3794008 ,935 ,522121 ,56984 ,139583 ,15597 ,91870 ,25651 ,2706 ,19859 ,119076 ,12841 ,0 ,4175539 ,73258 ,35537 ,135860 ,1357 ,720 ,2597442 ,14476 ,33159 ,1418954 ,1271 ,57299 ,289562 ,12803 ,1188 ,7842 ,86151 ,1928 ,22978 ,47127 ,631458 ,55736 ,120315 ,0 ,1462623 ,118757 ,10187 ,3914 ,0 ,35127 ,8717611 ,4855 ,7610513 ,10514 ,9621 ,253 ,573 ,0 ,0 ,170165 ,213031 ,33987888 ,188002 ,6843 ,5598 ,71441 ,66897 ,75231 ,2058 ,147384 ,22295 ,93547 ,365107 ,26159 ,4041 ,875698 ,242805 ,10183 ,263696 ,602135 ,621462 ,732609 ,52170 ,2758 ,19778 ,2106920 ,1672247 ,2076131 ,105048 ,1349265 ,3536140 ,1177259 ,46937 ,24667 ,6044 ,264577 ,167962 ,0 ,5926 ,6674 ,6547 ,97168 ,1272548 ,20248 ,190872 ,59744 ,19061 ,78173 ,156800 ,17758 ,164269 ,20104 ,0 ,148317 ,12854172 ,10551 ,8006 ,38956 ,103037 ,7676 ,41249259 ,9988 ,1104061 ,165968 ,32666 ,25489 ,23311 ,18109 ,187494 ,869 ,161599 ,322059 ,10505 ,22666 ,363 ,9813 ,106309 ,0 ,26672 ,70962 ,0 ,6385589 ,11574900 ,41407 ,11720141 ,0 ,5938 ,14941 ,1378 ,28195 ,75883 ,11820 ,8478 ,3706639 ,61615 ,6059 ,40452 ,23364 ,139312 ,5722814 ,591 ,44 ,46800 ,23129 ,0 ,23672 ,11013 ,744 ,3796888 ,488267 ,0 ,2277782 ,41099 ,6281 ,19766 ,95027 ,71150 ,26017 ,4563 ,223106 ,89112 ,106320 ,5090 ,0 ,33736 ,4907 ,26662 ,20095503 ,0 ,45681 ,0 ,3005019 ,2007603901 ,198377 ,84776 ,15582 ,0 ,133033 ,23086 ,2039 ,0 ,3735642 ,190657 ,35616 ,114532 ,1328 ,276568 ,7699 ,2161 ,1857 ,6443 ,40191 ,679281 ,191985 ,6737 ,6395 ,30053 ,47742 ,15531 ,10000 ,15060 ,364216 ,0 ,0 ,14916 ,23951 ,177837 ,279081 ,113833 ,53143 ,76768 ,312497 ,636320 ,990 ,784 ,592512 ,68094 ,1321061 ,83925 ,8321 ,46126 ,201065 ,3037 ,100884 ,3798 ,7249 ,173157 ,152213 ,13955 ,16102 ,96168 ,3256 ,409 ,933 ,0 ,104702 ,138157 ,158620 ,19264 ,21185 ,6378 ,12875 ,11556 ,228190 ,21860 ,0 ,17943 ,178135 ,21289 ,36259 ,0 ,1876 ,132475 ,943230 ,2099 ,4727 ,4727 ,57390 ,407552 ,0 ,3682305 ,13696 ,23779 ,0 ,22077 ,0 ,432 ,7587 ,1285101 ,108805 ,60616 ,4241 ,3826 ,27571 ,104168 ,9198 
2021-10-01,287193 ,1476 ,18966 ,4524 ,14806 ,0 ,88618 ,15561 ,2010 ,1782 ,3201 ,22036 ,90750 ,91335 ,35292 ,133691 ,8612 ,7441 ,362 ,365628 ,32561 ,7151 ,535151 ,75760 ,32117 ,234959 ,288729 ,492195 ,5443 ,67804 ,317 ,11624 ,338654 ,540324 ,4070 ,84702 ,0 ,160394 ,63652 ,5593 ,6015 ,19156 ,4911 ,6530 ,19913 ,443651 ,64527512 ,0 ,162595 ,122242 ,0 ,227888 ,0 ,17264 ,3960529 ,1954 ,18941 ,308581 ,19015 ,245056570 ,1106191 ,10756 ,0 ,6098 ,6915 ,389099 ,57447 ,0 ,72468 ,1638 ,9841087 ,96589 ,3963915 ,33591 ,12809 ,2510 ,2612 ,15866 ,60229 ,38388 ,10438 ,38859 ,221752 ,59497 ,8481 ,4899 ,1138072 ,116098 ,15192 ,27379 ,16933 ,0 ,36299 ,20525 ,100464 ,43095 ,18604732 ,853361 ,8391 ,1376 ,111853 ,1866 ,281954 ,6669 ,131403 ,25091 ,37076 ,2097740 ,174128 ,5634 ,605249 ,2744060 ,5426 ,31010 ,504165 ,13073 ,675207 ,2732696 ,228062 ,44169 ,422914 ,118930 ,65055 ,170508 ,5318 ,30808 ,395807 ,1040230 ,0 ,17350 ,3766 ,2341 ,16923 ,647421 ,46787 ,1180051 ,25417 ,47514 ,187284 ,1851 ,181569 ,82799 ,350483 ,10794 ,0 ,21456 ,2742 ,8198526 ,81161 ,124951 ,3630 ,20802 ,26877 ,101706 ,336146 ,34410 ,307954 ,49572 ,3225 ,254679 ,0 ,6517 ,45510 ,22076 ,20232 ,910611 ,95837 ,2892130 ,6080 ,3757 ,0 ,2193 ,8101 ,0 ,3484 ,0 ,81437 ,61816 ,572253 ,6978 ,4238 ,6194384 ,6924 ,16878 ,6379 ,25564 ,18611 ,95528 ,1232177 ,0 ,0 ,0 ,3947 ,2051 ,16116 ,139272 ,629 ,3697 ,2544 ,295 ,131892 ,1417 ,7142 ,21158 ,2827723 ,110195 ,57778 ,11530 ,124663 ,45629 ,19110 ,29619 ,0 ,16967 ,58741 ,344042 ,2436 ,4677 ,97462 ,34693 ,235940 ,460428 ,390 ,488445 ,2281984 ,3896 ,608 ,1784 ,4530 ,21431 ,2241 ,11613 ,259089 ,100336 ,13982 ,114839 ,2055 ,8322 ,166106 ,238784 ,0 ,557859 ,5045 ,12369 ,14043 ,1298943 ,8015 ,204 ,1290 ,148197 ,2081169 ,37325 ,18028 ,6233 ,1784 ,13885 ,834930 ,247389 ,7524 ,23037 ,2470097 ,74622 ,31619 ,375 ,11795 ,0 ,10967 ,1747 ,296952 ,4745 ,0 ,15243 ,807782 ,21360 ,654 ,1763 ,149909 ,150914 ,2193 ,160133 ,163701 ,1279 ,20771 ,292742 ,0 ,15801 ,23114 ,28593 ,7499565 ,33756 ,22432 ,1237498 ,0 ,53719 ,19031 ,62643 ,15818 ,328524 ,0 ,4017 ,7753 ,63518 ,1471851 ,9662 ,19745 ,127050 ,37273 ,0 ,69215 ,30628 ,0 ,20898 ,1127195 ,8163 ,29721 ,70376 ,15114 ,4018 ,0 ,0 ,0 ,38724 ,330 ,193 ,4180 ,261004 ,15741 ,28684 ,8202 ,446959 ,29582 ,96967 ,2811359 ,1233 ,166218 ,11075 ,1498669 ,1791856 ,528052 ,1991930 ,6989 ,106412 ,6767027 ,21045 ,47327 ,0 ,6131972 ,14927 ,304 ,0 ,48717 ,95443 ,7744 ,143465 ,49593 ,4918 ,153449 ,196958 ,1232 ,85182 ,3141 ,10393 ,308697 ,1082668 ,1336039 ,2435442 ,26493 ,6184 ,9360 ,0 ,0 ,32242 ,452371 ,4242 ,1024 ,8583 ,219057 ,9944 ,2365218 ,5056 ,33752 ,0 ,23525 ,2175 ,13064855 ,6261 ,13703 ,603198 ,0 ,81161 ,3786 ,6591 ,0 ,97240 ,13094 ,49136 ,14060 ,92845 ,81333 ,10717 ,12428 ,36427 ,57630 ,70649 ,198769 ,340989 ,1342204 ,600872 ,1432 ,2058 ,8773227 ,0 ,4625 ,115413 ,0 ,15146 ,47179 ,23312 ,27011 ,0 ,30850 ,3534 ,225106 ,16182 ,4112 ,33218 ,4942 ,0 ,1285 ,657 ,316907 ,18133 ,31460 ,19866 ,4813 ,13640 ,0 ,37833 ,2778 ,9234 ,46067 ,7429 ,1865 ,0 ,25215 ,11964 ,63548 ,22860 ,3673944 ,3530 ,44763 ,8143 ,21824 ,440086 ,8257 ,5038 ,5232 ,5619 ,0 ,13042 ,0 ,53237 ,42668 ,286637 ,4318 ,38707 ,12653 ,234268 ,1408940 ,788 ,182608 ,19817 ,2570 ,50092 ,621964 ,0 ,46836 ,23621 ,3148 ,34830 ,77953 ,1077 ,244278 ,314435 ,738 ,5706 ,5563 ,269 ,4149 ,3852 ,34408 ,580062 ,189636 ,2707 ,4053 ,306975 ,73808 ,16142 ,129803 ,60716 ,754823 ,188245 ,7340 ,0 ,423096 ,4339377 ,10082 ,768214 ,20195 ,4394 ,0 ,25478 ,4424585 ,40452 ,24095 ,28041 ,944 ,58528 ,8138 ,0 ,412874 ,76285 ,8760 ,99185 ,597694 ,3766 ,24782 ,19529 ,53473 ,0 ,70091 ,27330 ,8786 ,14180 ,25350 ,547405 ,1934 ,35822 ,29812 ,1534994 ,304 ,304 ,12912 ,243887 ,128112 ,5077 ,137131 ,5108 ,23173 ,1337 ,358696 ,0 ,406066 ,11805 ,824 ,3310 ,365251 ,8234 ,2058 ,2683 ,2683 ,1033 ,0 ,18595 ,19417 ,5549 ,149785 ,139379 ,333 ,379210 ,58529870 ,1931 ,17263 ,35888 ,238004 ,9464 ,149127 ,238855 ,629546 ,88147 ,3494916 ,3796 ,5156 ,0 ,74769 ,28979 ,251597 ,5999 ,519 ,1167 ,2139 ,23070 ,8240 ,11243 ,30562 ,519548 ,9083 ,12365 ,82186 ,3194724 ,757944 ,25209 ,4007270 ,0 ,29649 ,5075 ,227765 ,38343 ,20944 ,20822 ,979 ,38717 ,79564 ,827602 ,0 ,37599 ,0 ,13086 ,70929 ,83802 ,343 ,30369 ,15574 ,2013 ,14796 ,12669 ,40221 ,27800 ,6357 ,14687 ,89096 ,9317 ,661723 ,0 ,7977 ,2392985 ,559136 ,3 ,126639 ,1841 ,10794 ,0 ,277336 ,57425 ,14105 ,309217 ,34630 ,721940 ,44937 ,5084 ,1771 ,52995 ,140422 ,131006 ,98469 ,392212 ,10535471 ,406597 ,49691 ,457638 ,0 ,365 ,13549 ,128702 ,13711 ,437176 ,77113 ,1990 ,117366 ,31355 ,3141 ,212776 ,4999 ,35270621 ,25397 ,71729 ,11930 ,20832 ,0 ,154340 ,153410 ,2341 ,89552 ,88559 ,1737336 ,207885 ,291149 ,279066 ,60331 ,92062 ,4256 ,0 ,350 ,135095 ,0 ,12680 ,12680 ,9780520 ,3928586 ,554 ,7630 ,6926922 ,3823333 ,803241 ,2010 ,33667 ,228911 ,145291 ,4857 ,24758 ,2563 ,36052 ,586645 ,0 ,19703 ,3913 ,175935 ,1356 ,2486 ,5936544 ,12887 ,91889 ,4921066 ,508814 ,337059 ,7163 ,2539 ,487939 ,1337 ,22406 ,12165 ,3611 ,64777 ,9467 ,0 ,27998 ,184874 ,73719 ,0 ,151548 ,87634 ,1315167 ,9351 ,5700 ,0 ,1536 ,8407 ,76188 ,25984 ,37222 ,217097 ,550896 ,2667 ,1721935 ,3621 ,0 ,741209966 ,46329 ,3915 ,967 ,4314 ,3342970 ,2572 ,2726 ,65368 ,634616 ,2914 ,1657 ,0 ,42160 ,6415 ,26950 ,259 ,717 ,300666 ,1949636 ,36801 ,821767 ,418150 ,1529 ,8956 ,128346 ,12407 ,15400 ,25685 ,1450 ,886909 ,11851 ,145119 ,0 ,2605941 ,8077 ,153698 ,142607 ,3616 ,1590 ,5638 ,7195 ,2862 ,3913 ,18719 ,18413 ,8368 ,1760 ,26288 ,15877 ,1386921 ,0 ,160009 ,13815 ,4813 ,10658 ,14674 ,2090476 ,29589 ,721538 ,153312 ,1700 ,2292006 ,6553 ,0 ,0 ,18491 ,260443 ,28033 ,101808 ,16901 ,5311 ,5921 ,3218 ,477790 ,0 ,6431 ,273401 ,47144 ,21540 ,0 ,4580 ,10253 ,100839 ,6471 ,6231 ,4230 ,13286 ,95841 ,42334026 ,2967923 ,11193831 ,97437 ,1171389 ,5216988 ,222024 ,4525322 ,2946 ,515921 ,58721 ,122984 ,37224 ,138396 ,7835 ,2293 ,21116 ,23399 ,39141 ,0 ,4731331 ,42683 ,30749 ,128052 ,2223 ,6243 ,2773337 ,28130 ,81844 ,1298928 ,5049 ,138645 ,282941 ,26240 ,313 ,8890 ,60452 ,675 ,37213 ,37587 ,333137 ,85974 ,213615 ,2733 ,1829654 ,33808 ,39900 ,2230 ,1690 ,17993 ,8113574 ,2555 ,7762387 ,8856 ,12124 ,15636 ,2515 ,0 ,0 ,162379 ,600179 ,34838302 ,82717 ,3522 ,12613 ,42963 ,75904 ,83625 ,0 ,132863 ,15117 ,74781 ,292134 ,28925 ,3840 ,924903 ,249380 ,8265 ,354519 ,692609 ,650724 ,799402 ,28594 ,5416 ,24981 ,1924570 ,1768028 ,1957774 ,105714 ,926148 ,3879017 ,1181094 ,11096 ,24544 ,3618 ,320903 ,186288 ,0 ,1930 ,0 ,1137 ,82616 ,1405958 ,31778 ,281084 ,69082 ,14841 ,73199 ,112482 ,35445 ,168430 ,10019 ,0 ,181786 ,11541034 ,3564 ,37725 ,29776 ,100701 ,8938 ,46400024 ,26261 ,1016929 ,182334 ,38093 ,29155 ,184551 ,37728 ,153935 ,13241 ,282474 ,249201 ,5456 ,111029 ,1253 ,10132 ,82262 ,2774 ,93630 ,112151 ,3886 ,6660061 ,11329151 ,40174 ,11629448 ,4834 ,6525 ,5255 ,1992 ,29607 ,83079 ,10892 ,13861 ,3990836 ,72309 ,4911 ,34761 ,28236 ,111555 ,7100407 ,268 ,0 ,29863 ,15577 ,2776 ,49881 ,5844 ,2058 ,3824776 ,495946 ,4981 ,2221109 ,66925 ,15524 ,34 ,113959 ,47211 ,49243 ,539 ,260054 ,53824 ,101860 ,14509 ,271 ,108190 ,15322 ,24100 ,19492425 ,13981 ,67614 ,150 ,2300644 ,2120267534 ,169959 ,14241 ,41975 ,6113 ,126392 ,19529 ,11160 ,0 ,3830106 ,173165 ,56743 ,107332 ,548 ,265286 ,8514 ,5297 ,2160 ,9638 ,22731 ,746743 ,132613 ,7548 ,2591 ,40678 ,51936 ,10067 ,5207 ,17336 ,332188 ,0 ,0 ,10401 ,8203 ,99358 ,282903 ,151523 ,50148 ,27783 ,383449 ,535706 ,18528 ,763 ,676029 ,63319 ,1155195 ,75582 ,4099 ,36161 ,212272 ,6577 ,75536 ,2581 ,6472 ,197166 ,104987 ,13540 ,3933 ,113376 ,1971 ,0 ,3249 ,0 ,33818 ,133193 ,148628 ,11199 ,8605 ,26335 ,8693 ,21663 ,234108 ,8382 ,1926 ,258 ,247049 ,31949 ,53031 ,7726 ,6541 ,155124 ,992244 ,1782 ,2167 ,2167 ,25287 ,496683 ,26816 ,3708561 ,7817 ,19932 ,0 ,26980 ,0 ,4633 ,6027 ,1184294 ,126890 ,78763 ,20664 ,22341 ,35824 ,154116 ,146 
2021-11-01,257437 ,0 ,20826 ,2059 ,3101 ,0 ,70651 ,35142 ,2881 ,6033 ,15626 ,10473 ,74493 ,104276 ,32678 ,115564 ,8404 ,9895 ,1046 ,297419 ,31787 ,14693 ,461578 ,32692 ,54964 ,296325 ,370701 ,384461 ,6516 ,36574 ,0 ,32778 ,309794 ,276283 ,3001 ,83052 ,0 ,92408 ,45694 ,12170 ,608 ,38070 ,6928 ,12146 ,16921 ,50646 ,75928008 ,570 ,182730 ,116888 ,2717 ,180601 ,0 ,26334 ,4113446 ,2228 ,26260 ,292313 ,39012 ,159525323 ,1250971 ,13895 ,0 ,4733 ,5805 ,392146 ,53155 ,0 ,72110 ,0 ,2477495 ,87688 ,3721486 ,23642 ,1427 ,2555 ,1911 ,23477 ,52906 ,103658 ,9455 ,20710 ,155514 ,26804 ,10929 ,5030 ,843789 ,76496 ,8951 ,15251 ,17807 ,0 ,53712 ,9837 ,12026 ,41184 ,18480193 ,616537 ,3812 ,169 ,152285 ,356 ,297124 ,27425 ,52256 ,40762 ,11469 ,1793666 ,154437 ,19412 ,572176 ,774286 ,12421 ,21491 ,224046 ,4021 ,668415 ,1487303 ,180370 ,42661 ,471824 ,71640 ,47732 ,5603 ,9047 ,20149 ,286285 ,1046401 ,2631 ,12207 ,1877 ,2483 ,9477 ,528225 ,26663 ,1185318 ,26416 ,84113 ,223691 ,1614 ,190191 ,84133 ,347494 ,8276 ,0 ,44001 ,531 ,8822597 ,37717 ,44080 ,24315 ,4939 ,22835 ,111144 ,287990 ,13799 ,185997 ,153415 ,14728 ,347374 ,3376 ,10017 ,28250 ,5120 ,29129 ,655436 ,62830 ,2317275 ,9700 ,684 ,233 ,3772 ,5322 ,490 ,0 ,0 ,106923 ,16688 ,574376 ,6720 ,3838 ,4579141 ,10383 ,15014 ,2494 ,26198 ,16040 ,87316 ,423676 ,0 ,1650 ,2855 ,1609 ,2419 ,15736 ,156907 ,0 ,4397 ,1875 ,2346 ,128295 ,2843 ,4272 ,14592 ,2352163 ,68051 ,4524 ,19293 ,44520 ,84156 ,10103 ,36162 ,0 ,22632 ,91506 ,281079 ,4980 ,496 ,113946 ,12302 ,231472 ,467547 ,0 ,583978 ,439053 ,16198 ,5303 ,2114 ,1052 ,42259 ,2929 ,7786 ,276304 ,126395 ,12319 ,67856 ,2604 ,6260 ,103526 ,153552 ,0 ,551267 ,3331 ,12141 ,16512 ,1206797 ,19624 ,705 ,5636 ,189308 ,2019647 ,63182 ,9727 ,36400 ,2683 ,1432 ,1114926 ,247509 ,10446 ,18850 ,2799481 ,58762 ,34350 ,0 ,7813 ,0 ,10599 ,15761 ,223910 ,0 ,0 ,18900 ,499757 ,33851 ,0 ,5462 ,107556 ,152014 ,8871 ,8999 ,141253 ,1427 ,3199 ,64153 ,0 ,16932 ,18925 ,17301 ,7300743 ,60117 ,23026 ,921584 ,0 ,10505 ,32753 ,80771 ,19685 ,80832 ,0 ,4972 ,2348 ,58613 ,1653914 ,4652 ,63785 ,109836 ,22386 ,0 ,65309 ,32232 ,0 ,33539 ,1171963 ,11743 ,24068 ,41696 ,10722 ,9402 ,0 ,353 ,1616 ,25196 ,1438 ,3170 ,10411 ,145732 ,17966 ,4692 ,19147 ,300821 ,30812 ,59917 ,3057699 ,7659 ,196876 ,17539 ,1486925 ,1825221 ,491834 ,386842 ,5006 ,95232 ,6752760 ,34818 ,2789 ,0 ,5887153 ,42932 ,2838 ,0 ,49672 ,59240 ,1555 ,127831 ,39703 ,3204 ,98993 ,184960 ,1642 ,83877 ,4343 ,9369 ,250306 ,1120848 ,1239457 ,1880807 ,29576 ,5541 ,7553 ,0 ,0 ,2433 ,423080 ,7096 ,2090 ,6439 ,232402 ,9453 ,2171743 ,2962 ,33025 ,1102 ,21679 ,10468 ,12251431 ,8660 ,9571 ,565758 ,356 ,37717 ,4699 ,7228 ,0 ,53117 ,18747 ,31801 ,7345 ,107239 ,60874 ,12064 ,29790 ,15860 ,109025 ,75752 ,177295 ,358476 ,1449467 ,400999 ,319 ,233 ,7324123 ,100 ,5171 ,30378 ,0 ,13968 ,9058 ,46929 ,73713 ,0 ,7677 ,4727 ,237992 ,16598 ,1596 ,25012 ,5088 ,0 ,1244 ,4272 ,171839 ,12134 ,28763 ,22402 ,4628 ,5997 ,0 ,48453 ,6242 ,3058 ,56523 ,32879 ,0 ,0 ,10107 ,10524 ,49464 ,23040 ,3386720 ,4575 ,40861 ,6760 ,30507 ,276691 ,7970 ,1525 ,3116 ,5323 ,0 ,5791 ,0 ,41986 ,22921 ,151215 ,1026 ,34528 ,3587 ,216383 ,1392856 ,0 ,162331 ,10531 ,3234 ,11277 ,594857 ,0 ,21139 ,4664 ,2169 ,46228 ,121358 ,0 ,150914 ,221226 ,16790 ,5964 ,6511 ,0 ,5140 ,5627 ,43310 ,612363 ,258769 ,0 ,3664 ,161928 ,13532 ,19513 ,122313 ,86784 ,456896 ,180512 ,658 ,258 ,242813 ,4001568 ,7662 ,602448 ,26130 ,1648 ,0 ,9623 ,4002430 ,26223 ,33496 ,13381 ,3620 ,69229 ,5231 ,2145 ,480772 ,18439 ,4364 ,89046 ,635448 ,5368 ,5290 ,15067 ,12945 ,0 ,56314 ,25653 ,6239 ,38210 ,61086 ,90562 ,239 ,61541 ,27356 ,1582698 ,0 ,0 ,13115 ,193932 ,178645 ,2507 ,120000 ,11855 ,22230 ,1511 ,361010 ,3301 ,391348 ,15957 ,1646 ,15424 ,429697 ,33132 ,3583 ,1610 ,1610 ,1889 ,2792 ,8068 ,36765 ,6189 ,260579 ,129463 ,382 ,112197 ,58393754 ,1614 ,30129 ,36534 ,169539 ,10896 ,115455 ,212077 ,599066 ,90853 ,3430887 ,7179 ,17492 ,581 ,58352 ,5199 ,337718 ,5773 ,851 ,6126 ,2202 ,6218 ,18159 ,15375 ,16849 ,523885 ,13184 ,5156 ,77028 ,2347118 ,713549 ,2523 ,4217333 ,0 ,37284 ,13538 ,152057 ,4935 ,25664 ,2798 ,0 ,52281 ,82265 ,947453 ,1648 ,20321 ,0 ,26175 ,29887 ,102469 ,783 ,25846 ,24120 ,641 ,15530 ,36358 ,87523 ,69693 ,5124 ,9180 ,80516 ,11676 ,494628 ,0 ,10671 ,2118558 ,566884 ,2213 ,180816 ,892 ,8276 ,3845 ,37799 ,66722 ,50500 ,83068 ,19032 ,721003 ,34558 ,3260 ,1723 ,37318 ,68766 ,72916 ,105812 ,333715 ,10571608 ,610714 ,47425 ,508267 ,0 ,0 ,11109 ,68617 ,6795 ,471877 ,80909 ,0 ,253735 ,29705 ,1774 ,208157 ,2963 ,31139967 ,19695 ,40986 ,22843 ,10177 ,0 ,168371 ,127818 ,0 ,61947 ,116941 ,1548065 ,92823 ,347071 ,355617 ,62772 ,90131 ,10534 ,1276 ,831 ,133772 ,0 ,20681 ,20681 ,10749233 ,3613501 ,619 ,7876 ,7093582 ,3806575 ,687144 ,4446 ,26279 ,310230 ,131056 ,9800 ,27014 ,2534 ,44645 ,561771 ,0 ,22219 ,0 ,161831 ,1416 ,3267 ,4389926 ,24433 ,31705 ,4487485 ,522479 ,345256 ,12260 ,0 ,506803 ,6759 ,16747 ,4910 ,4176 ,30717 ,2577 ,0 ,53272 ,139830 ,71640 ,0 ,141987 ,45456 ,1306765 ,4249 ,5280 ,612 ,1092 ,2050 ,51422 ,71279 ,69301 ,137301 ,350633 ,3212 ,1785378 ,5073 ,0 ,737816050 ,45483 ,7162 ,2166 ,2712 ,1361066 ,4492 ,7482 ,13598 ,668993 ,3591 ,1361 ,465 ,34574 ,15149 ,2555 ,877 ,1427 ,87194 ,1974096 ,5949 ,695791 ,393263 ,1614 ,2671 ,55191 ,5115 ,1144 ,28656 ,481 ,251003 ,13355 ,275410 ,5280 ,2371752 ,4186 ,66655 ,76681 ,5599 ,6454 ,2610 ,5024 ,991 ,0 ,7432 ,12084 ,13859 ,1361 ,31568 ,16192 ,1042729 ,0 ,33628 ,9025 ,19295 ,1371 ,10399 ,2236518 ,88119 ,542438 ,24528 ,3827 ,2303881 ,4668 ,3830 ,1186 ,31964 ,199196 ,34507 ,66050 ,14730 ,0 ,19710 ,0 ,495984 ,0 ,13372 ,186318 ,97022 ,24846 ,0 ,5637 ,10446 ,89285 ,0 ,0 ,20039 ,8438 ,86280 ,42516451 ,3092416 ,11626415 ,71513 ,1177606 ,5182957 ,116864 ,3962538 ,1801 ,505751 ,70372 ,113173 ,23569 ,152488 ,25443 ,2682 ,13151 ,15489 ,5997 ,347 ,4007100 ,59265 ,75314 ,182168 ,1862 ,723 ,2669474 ,29212 ,60290 ,1244931 ,852 ,43757 ,306830 ,18210 ,0 ,26202 ,44670 ,9314 ,19494 ,52792 ,349895 ,53057 ,223634 ,2055 ,1773267 ,50420 ,43202 ,3932 ,7560 ,23466 ,8364272 ,4726 ,9321552 ,7895 ,9360 ,10888 ,1547 ,0 ,0 ,146450 ,226561 ,26950268 ,50360 ,4289 ,11769 ,29362 ,35983 ,68320 ,0 ,136547 ,20393 ,84476 ,483569 ,13169 ,3435 ,874209 ,176328 ,17523 ,75273 ,361618 ,672954 ,946546 ,24445 ,8955 ,16198 ,1989522 ,1831285 ,2062860 ,124880 ,623186 ,3380049 ,1177818 ,21107 ,32938 ,0 ,228044 ,147292 ,0 ,2532 ,0 ,5466 ,119167 ,1024558 ,16124 ,249545 ,50046 ,25295 ,70203 ,112386 ,29084 ,153475 ,3820 ,0 ,160555 ,11448664 ,2130 ,6810 ,35419 ,95713 ,37331 ,45337257 ,15354 ,704997 ,226636 ,19281 ,45002 ,58042 ,38460 ,199910 ,6535 ,386203 ,344835 ,24696 ,19982 ,1116 ,22900 ,92828 ,5940 ,21044 ,66721 ,11678 ,6959975 ,8039119 ,31084 ,10400118 ,0 ,6836 ,11382 ,4918 ,66458 ,53606 ,27681 ,5682 ,2791868 ,53755 ,1614 ,42778 ,66574 ,117995 ,7260556 ,195 ,0 ,27429 ,7012 ,2643 ,56067 ,3669 ,1648 ,3739530 ,476989 ,1633 ,1991585 ,45891 ,16603 ,495 ,165074 ,49280 ,54188 ,3474 ,120327 ,57160 ,90355 ,2570 ,266 ,35329 ,5782 ,17167 ,11292512 ,7950 ,46811 ,0 ,1687503 ,2027286701 ,211337 ,17869 ,20216 ,1135 ,147521 ,26980 ,5416 ,0 ,2389513 ,22211 ,39983 ,107207 ,574 ,188834 ,7919 ,882 ,4497 ,16330 ,28555 ,805577 ,185276 ,3221 ,12619 ,40712 ,42627 ,31902 ,7792 ,16077 ,420860 ,0 ,0 ,15642 ,10834 ,74973 ,263377 ,73997 ,48447 ,54505 ,268919 ,90018 ,4162 ,1269 ,538822 ,40166 ,316265 ,72944 ,7975 ,14948 ,169125 ,4287 ,71008 ,5769 ,3489 ,265554 ,60764 ,15009 ,4117 ,72923 ,18593 ,0 ,2611 ,9478 ,25168 ,120463 ,86364 ,51945 ,10507 ,7795 ,8349 ,39122 ,210339 ,14516 ,3291 ,729 ,263239 ,23294 ,41665 ,0 ,1081 ,68258 ,635728 ,1631 ,2217 ,2217 ,20579 ,229240 ,3572 ,3287680 ,12025 ,38994 ,0 ,32122 ,0 ,0 ,7594 ,1356768 ,146515 ,50827 ,0 ,30464 ,35078 ,205661 ,212 
2021-12-01,249138 ,0 ,27735 ,1764 ,2310 ,0 ,131055 ,72772 ,14368 ,558 ,9113 ,31513 ,55283 ,119337 ,40282 ,105523 ,7077 ,5634 ,245 ,302058 ,45872 ,20548 ,584000 ,36864 ,36192 ,259075 ,384282 ,375616 ,6181 ,51909 ,0 ,8739 ,348259 ,385317 ,4113 ,71726 ,1088 ,126721 ,44112 ,8525 ,4125 ,7367 ,2899 ,8932 ,5871 ,47169 ,75227792 ,1964 ,143814 ,86477 ,2029 ,109074 ,194 ,29190 ,4235646 ,24575 ,40364 ,321603 ,27935 ,177466946 ,1339470 ,12536 ,0 ,1444 ,7237 ,354448 ,55117 ,0 ,54625 ,0 ,3157977 ,144637 ,5420283 ,24712 ,10426 ,1527 ,5162 ,24573 ,59045 ,84600 ,4499 ,693047 ,136051 ,13270 ,4533 ,10221 ,801300 ,63496 ,3772 ,21604 ,2736 ,0 ,88041 ,17972 ,11797 ,39619 ,19543706 ,654110 ,1957 ,0 ,184746 ,8698 ,362027 ,27837 ,44055 ,26504 ,8474 ,1458379 ,160081 ,13066 ,558187 ,1071294 ,7907 ,22591 ,268127 ,9687 ,617723 ,2600390 ,193498 ,29074 ,480172 ,94532 ,55851 ,5037 ,19683 ,15566 ,320017 ,1267167 ,2450 ,2386 ,2606 ,2582 ,1095 ,528311 ,32729 ,1259121 ,37474 ,258277 ,201490 ,1893 ,153694 ,61414 ,323453 ,5440 ,0 ,19781 ,3157133 ,10006670 ,26627 ,87513 ,6266 ,9722 ,12124 ,110530 ,259876 ,25230 ,208666 ,97201 ,2453 ,332190 ,1016 ,6272 ,31511 ,12772 ,32665 ,413381 ,75886 ,2519350 ,9543 ,2181 ,0 ,5188 ,17697 ,1863 ,0 ,3927 ,122390 ,13041 ,506326 ,494 ,628 ,4846194 ,6993 ,16965 ,5783 ,25544 ,13887 ,95260 ,405058 ,0 ,490 ,3227 ,3867 ,3444 ,10890 ,137386 ,0 ,17827 ,29 ,348 ,126481 ,1497 ,11339 ,1088 ,2493242 ,79359 ,3439 ,8194 ,60978 ,46724 ,9249 ,39830 ,0 ,16208 ,43861 ,292038 ,1607 ,389 ,108499 ,5376 ,217071 ,350855 ,0 ,326463 ,356867 ,8333 ,1810 ,2200 ,2644 ,20355 ,0 ,2585 ,287045 ,104911 ,3245 ,63308 ,627 ,3934 ,145590 ,153956 ,0 ,517559 ,723 ,5507 ,17161 ,1083789 ,4319 ,1814 ,0 ,150726 ,1828741 ,63368 ,4226 ,26152 ,1718 ,1466 ,879154 ,215523 ,11033 ,26987 ,2459966 ,99603 ,38715 ,0 ,6214 ,3736 ,6212 ,13488 ,261224 ,0 ,792 ,10914 ,628340 ,30342 ,0 ,4770 ,112090 ,187616 ,1 ,5478 ,116350 ,34 ,3198 ,73352 ,0 ,829 ,21067 ,14908 ,7027253 ,46283 ,34227 ,1000544 ,1410 ,11395 ,20408 ,49808 ,17082 ,159725 ,0 ,6180 ,273573 ,178932 ,1707885 ,4374 ,60817 ,118052 ,45527 ,0 ,61643 ,10070 ,2247 ,9674 ,1293807 ,0 ,23259 ,13600 ,12996 ,5271 ,0 ,324 ,0 ,49636 ,284 ,1093 ,4491 ,144881 ,19633 ,2501 ,2588 ,363053 ,16508 ,110026 ,3003542 ,49142 ,187781 ,10114 ,1516564 ,1791510 ,434661 ,924728 ,8064 ,111302 ,6670714 ,35254 ,371 ,0 ,7205714 ,71731 ,3344 ,0 ,63483 ,63028 ,2845 ,125929 ,50422 ,1573 ,90780 ,128469 ,3073 ,62999 ,3937 ,4205 ,209944 ,1250995 ,1390694 ,2110403 ,23724 ,4641 ,562 ,0 ,95 ,3133 ,410935 ,4537 ,4187 ,4446 ,175440 ,9925 ,2338417 ,3424 ,32309 ,269 ,18667 ,1385 ,13141392 ,15475 ,53376 ,550553 ,0 ,52121 ,4872 ,4824 ,257 ,63795 ,25466 ,28093 ,10025 ,85206 ,35358 ,13147 ,25298 ,22140 ,83526 ,78730 ,210660 ,290192 ,1662089 ,419813 ,1704 ,1718 ,8359437 ,1354 ,3226 ,28338 ,1059 ,5668 ,9625 ,37149 ,47185 ,14372 ,8435 ,1789 ,232713 ,15843 ,0 ,32476 ,4545 ,0 ,370 ,3286 ,149043 ,13604 ,21630 ,19314 ,4660 ,5444 ,5357 ,33961 ,20838 ,62451 ,68385 ,22615 ,0 ,831 ,13138 ,4829 ,51002 ,18749 ,3443104 ,647 ,45430 ,27634 ,24935 ,218462 ,33159 ,7756 ,2609 ,7657 ,0 ,7471 ,0 ,29557 ,38239 ,116479 ,0 ,34234 ,5711 ,129421 ,1345257 ,0 ,110069 ,12833 ,2673 ,6265 ,723016 ,0 ,33631 ,5803 ,3464 ,46663 ,76895 ,0 ,134000 ,178336 ,3541 ,6711 ,15565 ,0 ,11872 ,3794 ,31747 ,571830 ,302212 ,0 ,6116 ,165402 ,26951 ,12867 ,115412 ,120523 ,435241 ,212826 ,0 ,363 ,426171 ,3247671 ,3763 ,656548 ,24477 ,4628 ,0 ,15632 ,4071392 ,25722 ,16386 ,8936 ,4373 ,102617 ,9862 ,2778 ,464783 ,24598 ,3542 ,79740 ,583207 ,9079 ,7802 ,14407 ,16222 ,0 ,91419 ,26700 ,12410 ,27307 ,32073 ,161466 ,266 ,68670 ,36824 ,1528496 ,0 ,0 ,18339 ,161261 ,137043 ,0 ,98970 ,5988 ,33335 ,2224 ,368243 ,6319 ,247174 ,3845 ,454 ,7918 ,462291 ,7542 ,2262 ,3474 ,3474 ,3736 ,933 ,5636 ,27870 ,5087 ,427508 ,115608 ,335 ,112644 ,53972148 ,0 ,9253 ,40453 ,176374 ,17203 ,119423 ,160707 ,473855 ,89829 ,4040159 ,2787 ,6944 ,498 ,65119 ,2143 ,654295 ,6036 ,394 ,0 ,6992 ,10571 ,8200 ,17185 ,30231 ,538311 ,8140 ,9787 ,68962 ,2645847 ,730575 ,3616 ,4144250 ,0 ,44713 ,2564 ,121078 ,4888 ,26978 ,29958 ,0 ,54532 ,87038 ,889470 ,0 ,23562 ,729 ,19313 ,45786 ,122752 ,2461 ,18031 ,23552 ,248 ,27698 ,17980 ,76458 ,7666 ,192 ,5220 ,97001 ,11678 ,501295 ,1471 ,15541 ,2273387 ,545999 ,0 ,210964 ,704 ,5440 ,7252 ,30525 ,79031 ,4835 ,115889 ,21245 ,872420 ,29347 ,4408 ,2032 ,35621 ,83975 ,134205 ,54788 ,318200 ,10154804 ,606142 ,25145 ,509610 ,0 ,0 ,9951 ,75024 ,8360 ,381389 ,133184 ,0 ,110588 ,27709 ,0 ,207019 ,2831 ,30486013 ,33538 ,42044 ,16262 ,9068 ,2943 ,128013 ,192617 ,2982 ,73600 ,100916 ,1575258 ,110811 ,302754 ,302837 ,90927 ,98599 ,10252 ,353 ,2083 ,109275 ,0 ,6506 ,6506 ,10357598 ,3649916 ,548 ,8868 ,7566629 ,4944893 ,675919 ,2200 ,56763 ,279257 ,74798 ,10863 ,22590 ,2783 ,32441 ,625399 ,1614 ,31806 ,0 ,257066 ,502 ,4307 ,5450286 ,21438 ,20067 ,4843714 ,549907 ,326004 ,15683 ,0 ,534806 ,11180 ,19972 ,6753 ,2208 ,30243 ,2794 ,1836 ,16828 ,218511 ,107663 ,0 ,138596 ,36814 ,1331874 ,8984 ,4280 ,1992 ,0 ,5275 ,20907 ,77377 ,36886 ,110811 ,370314 ,4298 ,1708792 ,5372 ,0 ,712984236 ,54444 ,7931 ,853 ,0 ,1462809 ,1009 ,650 ,7288 ,682073 ,4183 ,1444 ,4037 ,23979 ,6425 ,5015 ,0 ,3736 ,103524 ,2041612 ,9226 ,896533 ,372344 ,1687 ,3783 ,57432 ,8847 ,6837 ,33003 ,19962 ,215580 ,24540 ,241923 ,6443 ,2791245 ,4253 ,51524 ,91865 ,3700 ,4792 ,1566 ,2770 ,1642 ,0 ,19780 ,14422 ,15779 ,7093 ,59073 ,11501 ,1354367 ,2528 ,33999 ,9851 ,4673 ,3378 ,13547 ,2740956 ,81024 ,463082 ,46452 ,1141 ,2439323 ,4136 ,3507 ,552 ,44888 ,264593 ,41588 ,91861 ,21779 ,0 ,8828 ,0 ,509182 ,0 ,14435 ,258261 ,98382 ,12939 ,0 ,3883 ,5323 ,107086 ,0 ,0 ,11435 ,8009 ,17482 ,42621142 ,3156717 ,12179605 ,72806 ,1183699 ,4852481 ,128840 ,3820567 ,7589 ,476890 ,73146 ,89891 ,21806 ,136768 ,10883 ,1957 ,4718 ,14822 ,3753 ,0 ,4526084 ,85995 ,37412 ,178519 ,1687 ,2252 ,2613322 ,9321 ,35993 ,1225975 ,0 ,58157 ,328097 ,10550 ,0 ,11702 ,63946 ,3271 ,34216 ,55167 ,330310 ,71883 ,189120 ,966 ,1959410 ,65257 ,23057 ,12251 ,3239 ,25860 ,9032034 ,2254 ,8833123 ,8723 ,15758 ,0 ,1228 ,4043 ,0 ,119018 ,143026 ,30710125 ,70079 ,6072 ,7937 ,65313 ,35818 ,61610 ,3366 ,149604 ,32864 ,79035 ,439923 ,6536 ,6679 ,1070327 ,160855 ,22247 ,101927 ,411557 ,643416 ,1006978 ,42869 ,7056 ,24912 ,2140771 ,1539236 ,2037551 ,98952 ,706660 ,3155237 ,1254753 ,16454 ,44122 ,0 ,245491 ,146619 ,0 ,2472 ,440 ,17602 ,102843 ,1211874 ,23319 ,302017 ,40435 ,28080 ,82940 ,119971 ,13717 ,154672 ,3185 ,0 ,161770 ,12165247 ,1872 ,976 ,32715 ,89123 ,20151 ,40702726 ,18911 ,765593 ,98742 ,30338 ,20553 ,36010 ,40099 ,219438 ,3711 ,449686 ,317962 ,10383 ,19487 ,503 ,24284 ,89932 ,10904 ,17726 ,72872 ,9176 ,6938046 ,8917336 ,44445 ,11613228 ,0 ,0 ,5771 ,2231 ,29394 ,81109 ,14935 ,10668 ,3280388 ,35534 ,6551 ,21213 ,49434 ,148890 ,9522646 ,582 ,560 ,11006 ,15394 ,1761 ,43726 ,3814 ,2532 ,3422256 ,465224 ,2827 ,1920506 ,27221 ,12035 ,76 ,110204 ,73149 ,33982 ,4180 ,216721 ,87834 ,111302 ,388 ,238 ,46604 ,2077 ,10511 ,13802718 ,8345 ,49917 ,0 ,2784023 ,2078062864 ,257045 ,20244 ,18675 ,1149 ,159752 ,9434 ,18494 ,1064 ,2505891 ,17762 ,51422 ,116230 ,5932 ,210156 ,6450 ,1030 ,8345 ,21682 ,29363 ,776468 ,142515 ,2184 ,10318 ,47046 ,36977 ,13179 ,14723 ,34813 ,421129 ,0 ,0 ,11298 ,12614 ,86908 ,192115 ,78848 ,52089 ,41714 ,275666 ,241697 ,3440 ,2344 ,498698 ,60675 ,441275 ,69943 ,2518 ,6216 ,204517 ,9474 ,153080 ,6445 ,3573 ,237433 ,52880 ,19964 ,7953 ,85956 ,8347 ,0 ,4911 ,8372 ,13761 ,144934 ,118624 ,66262 ,29051 ,11601 ,14070 ,44177 ,182655 ,20000 ,1988 ,0 ,290431 ,51896 ,51251 ,0 ,1211 ,148801 ,686017 ,3182 ,0 ,0 ,11973 ,213514 ,5680 ,3288323 ,7106 ,28116 ,0 ,22981 ,0 ,0 ,9893 ,1350385 ,108835 ,90129 ,0 ,26705 ,28505 ,232532 ,60 
2022-01-01,278970 ,4189 ,45964 ,484 ,1577 ,0 ,95799 ,40136 ,10901 ,2194 ,2828 ,24057 ,120585 ,125891 ,25342 ,154675 ,4128 ,5591 ,9531 ,322677 ,50126 ,18135 ,668684 ,33746 ,62852 ,206710 ,338872 ,414866 ,4858 ,94666 ,0 ,11711 ,366296 ,816189 ,3440 ,73724 ,0 ,158385 ,48893 ,13718 ,4572 ,10491 ,2795 ,24637 ,12422 ,72259 ,69325504 ,2868 ,246206 ,103994 ,2705 ,111311 ,0 ,73633 ,4227360 ,26342 ,32042 ,286275 ,33969 ,189072595 ,1419422 ,10853 ,0 ,1577 ,7871 ,433249 ,86370 ,0 ,93476 ,4509 ,5252993 ,201813 ,9518540 ,26716 ,22393 ,2644 ,9469 ,27969 ,70766 ,189188 ,8104 ,672426 ,150628 ,13143 ,2186 ,5280 ,1002425 ,91649 ,17971 ,26951 ,1451 ,3466 ,82318 ,29762 ,7694 ,24342 ,22517146 ,715710 ,1577 ,0 ,217196 ,9481 ,425066 ,3111 ,36693 ,30328 ,9176 ,1577138 ,187949 ,7414 ,626893 ,1499634 ,4975 ,34709 ,253168 ,7533 ,620410 ,1486530 ,325668 ,33090 ,522605 ,150230 ,49988 ,11836 ,29349 ,15575 ,389808 ,1441669 ,446 ,6423 ,1332 ,7011 ,7364 ,672744 ,26097 ,1376785 ,19240 ,195992 ,294315 ,2020 ,168639 ,70713 ,353362 ,19807 ,0 ,16554 ,3495150 ,10708654 ,80239 ,77570 ,40472 ,35675 ,26344 ,112656 ,319536 ,38541 ,260165 ,80562 ,23340 ,335964 ,3778 ,7312 ,45679 ,17961 ,34069 ,505052 ,38690 ,2997255 ,11719 ,2625 ,0 ,5689 ,11525 ,0 ,0 ,820 ,119301 ,14429 ,534485 ,3242 ,1018 ,5358161 ,3990 ,19065 ,2551 ,16154 ,14185 ,101361 ,459889 ,0 ,535 ,1674 ,3504 ,4327 ,9814 ,137104 ,0 ,1628 ,9952 ,1343 ,253298 ,1559 ,8523 ,1109 ,2567217 ,64984 ,3285 ,34906 ,81908 ,41314 ,12356 ,8817 ,0 ,31640 ,91150 ,376247 ,2418 ,0 ,109646 ,796 ,265927 ,439329 ,0 ,440420 ,531046 ,19834 ,518 ,2047 ,4465 ,25059 ,0 ,1817 ,370042 ,120316 ,6720 ,88744 ,5449 ,4595 ,97072 ,182329 ,0 ,515028 ,1993 ,4703 ,18025 ,1391408 ,2514 ,1721 ,0 ,184917 ,1783527 ,61410 ,6220 ,1720 ,1604 ,1316 ,881122 ,246354 ,11889 ,20959 ,2802986 ,81782 ,52064 ,2447 ,17818 ,0 ,4714 ,13402 ,257317 ,8725 ,0 ,34447 ,723669 ,41070 ,2893 ,8998 ,273852 ,228956 ,612 ,5578 ,172413 ,0 ,7071 ,66955 ,0 ,836 ,26396 ,8625 ,7016445 ,27022 ,42270 ,990999 ,0 ,34637 ,20918 ,38401 ,13405 ,168409 ,0 ,7490 ,469890 ,241756 ,1594371 ,3670 ,21802 ,148312 ,19407 ,1183 ,107681 ,14996 ,0 ,16085 ,1630761 ,0 ,15825 ,42012 ,12069 ,6883 ,0 ,396 ,0 ,12435 ,309 ,517 ,11101 ,164899 ,45166 ,21379 ,31105 ,361887 ,13978 ,62283 ,3560878 ,12929 ,150180 ,13216 ,1972370 ,1806209 ,514788 ,1198977 ,3258 ,64301 ,7621857 ,15705 ,2681 ,0 ,7918025 ,78531 ,1683 ,0 ,109708 ,63842 ,938 ,174905 ,67838 ,2526 ,116399 ,121951 ,2986 ,88331 ,4074 ,11870 ,198343 ,1497628 ,1562446 ,2580369 ,38899 ,2765 ,5617 ,0 ,395 ,3983 ,512175 ,4661 ,568 ,2929 ,189128 ,10845 ,2459665 ,1861 ,18220 ,281 ,18276 ,2003 ,14415436 ,8969 ,27947 ,570955 ,0 ,80239 ,4172 ,3484 ,0 ,73653 ,17094 ,42909 ,6253 ,95009 ,74276 ,21846 ,34162 ,36084 ,189710 ,106041 ,210283 ,323739 ,1647078 ,442518 ,270 ,1604 ,9243820 ,643 ,2161 ,32497 ,1930 ,21433 ,9311 ,28911 ,60411 ,0 ,7947 ,6299 ,223197 ,6309 ,5280 ,35281 ,8577 ,0 ,0 ,2854 ,150026 ,9673 ,46147 ,28705 ,4406 ,10522 ,7185 ,83871 ,1426 ,1848 ,94561 ,10633 ,4360 ,757 ,9419 ,4499 ,61520 ,15899 ,3630133 ,587 ,50826 ,21151 ,39330 ,241933 ,18814 ,7980 ,1718 ,6535 ,0 ,12282 ,0 ,48941 ,54849 ,225933 ,0 ,76639 ,8394 ,67642 ,1505947 ,0 ,169636 ,19989 ,1852 ,20258 ,809410 ,0 ,34322 ,9507 ,0 ,56029 ,110758 ,1208 ,104935 ,193870 ,5419 ,5388 ,11035 ,0 ,4503 ,3754 ,93441 ,588755 ,608555 ,0 ,6434 ,189918 ,15516 ,15537 ,174255 ,133521 ,485920 ,174083 ,0 ,1318 ,470866 ,3598349 ,5496 ,869875 ,8940 ,2493 ,7314 ,20502 ,4365945 ,22420 ,24438 ,8320 ,2515 ,93356 ,3340 ,2133 ,542030 ,43159 ,590 ,117017 ,712560 ,956 ,16859 ,37823 ,8071 ,0 ,107594 ,49312 ,11735 ,48148 ,113029 ,213738 ,0 ,30417 ,23135 ,1890031 ,0 ,0 ,22156 ,150552 ,94731 ,0 ,124735 ,8447 ,13765 ,318 ,467036 ,440 ,238346 ,18608 ,403 ,6301 ,548615 ,14350 ,3973 ,533 ,533 ,11975 ,6934 ,9001 ,60889 ,16035 ,418540 ,78256 ,5365 ,207640 ,46154499 ,0 ,10203 ,24883 ,220173 ,19226 ,111240 ,277823 ,608378 ,159579 ,4342700 ,2295 ,6593 ,4931 ,84195 ,4085 ,612770 ,16994 ,403 ,0 ,14294 ,17209 ,8443 ,23196 ,7305 ,568967 ,4460 ,10263 ,105122 ,2850892 ,795374 ,2685 ,4650887 ,1741 ,43127 ,9295 ,251318 ,16942 ,65921 ,21039 ,0 ,61012 ,104379 ,646300 ,0 ,19149 ,0 ,24880 ,59049 ,64298 ,1001 ,20118 ,21729 ,1624 ,46071 ,16547 ,75460 ,18088 ,173 ,21854 ,118386 ,3628 ,497031 ,0 ,3980 ,2162810 ,607166 ,0 ,99545 ,640 ,19807 ,3654 ,165003 ,38904 ,21028 ,128672 ,21475 ,981314 ,27247 ,421 ,2637 ,66084 ,96506 ,78333 ,63735 ,318136 ,10533578 ,421775 ,44547 ,503992 ,0 ,6722 ,8147 ,120699 ,7298 ,393903 ,164362 ,1773 ,135612 ,26631 ,0 ,224634 ,344 ,35101570 ,20337 ,37973 ,9340 ,6130 ,2667 ,161598 ,220613 ,6391 ,135628 ,67969 ,1874566 ,121417 ,390136 ,195046 ,68741 ,142583 ,9680 ,0 ,519 ,149611 ,0 ,14780 ,14780 ,9071039 ,4156247 ,0 ,10320 ,8543426 ,5490316 ,868691 ,3000 ,40693 ,205243 ,155809 ,5406 ,62800 ,23053 ,44991 ,795011 ,374 ,36762 ,6164 ,266513 ,276 ,686 ,6222852 ,21076 ,21385 ,4543648 ,378028 ,401366 ,9282 ,1577 ,683399 ,16573 ,17862 ,5970 ,5542 ,41814 ,7774 ,3099 ,32710 ,181130 ,142300 ,3409 ,173291 ,41901 ,1784245 ,13607 ,4799 ,3431 ,0 ,6469 ,42421 ,57180 ,29042 ,99209 ,402543 ,2021 ,1857205 ,5931 ,0 ,745149048 ,81179 ,18300 ,11012 ,0 ,2611714 ,3985 ,1953 ,14645 ,813238 ,5559 ,1443 ,339 ,21175 ,10941 ,17164 ,0 ,3980 ,98519 ,1954171 ,15606 ,1832876 ,604898 ,2099 ,2004 ,54301 ,6527 ,13275 ,27726 ,2069 ,420235 ,8533 ,313816 ,3247 ,3090480 ,7816 ,40761 ,148662 ,3429 ,5237 ,412 ,1481 ,5367 ,0 ,13574 ,18372 ,13677 ,7658 ,69454 ,18377 ,1339256 ,0 ,8256 ,22715 ,8842 ,4390 ,25430 ,2379931 ,85285 ,623263 ,26778 ,1491 ,3096328 ,5199 ,5416 ,933 ,63343 ,319027 ,28701 ,87887 ,26492 ,4682 ,13910 ,0 ,569764 ,0 ,7686 ,320039 ,97119 ,9994 ,0 ,1411 ,8180 ,181800 ,9205 ,0 ,7872 ,6310 ,15639 ,43617986 ,3390563 ,13987736 ,92208 ,1328363 ,5267454 ,116856 ,4380301 ,11715 ,514774 ,83400 ,140437 ,14370 ,78524 ,30479 ,6015 ,4330 ,23932 ,9176 ,0 ,4991656 ,94698 ,33675 ,167931 ,1577 ,1963 ,3017209 ,17222 ,41962 ,1291328 ,0 ,61738 ,262231 ,13680 ,0 ,13662 ,207881 ,562 ,23162 ,54775 ,312633 ,93185 ,203914 ,4473 ,1592393 ,52418 ,33313 ,3874 ,6255 ,23187 ,10849990 ,7989 ,8389126 ,8816 ,25136 ,0 ,5258 ,2354 ,0 ,155256 ,222153 ,35479913 ,81190 ,1967 ,13980 ,62850 ,28302 ,102679 ,3285 ,190858 ,34465 ,79074 ,367087 ,23387 ,4083 ,1727659 ,159255 ,26241 ,109504 ,465092 ,812018 ,1044334 ,34387 ,6311 ,13283 ,2623583 ,1171159 ,1555044 ,178520 ,858476 ,2929854 ,1293617 ,24872 ,40212 ,236 ,348636 ,119444 ,0 ,2906 ,1228 ,1212 ,111760 ,1312557 ,19613 ,440610 ,58683 ,27282 ,56880 ,113461 ,39355 ,246018 ,2727 ,0 ,176021 ,13245983 ,1662 ,3872 ,66611 ,93857 ,9497 ,39375231 ,12632 ,944327 ,108932 ,33144 ,22975 ,41062 ,55583 ,138800 ,1489 ,438118 ,458005 ,13773 ,45049 ,1003 ,22442 ,126856 ,15702 ,16835 ,53927 ,4275 ,7982036 ,10306568 ,28457 ,12885812 ,0 ,0 ,2814 ,2986 ,39426 ,84547 ,6497 ,10692 ,4215599 ,60626 ,20415 ,46930 ,45109 ,61031 ,11362809 ,675 ,599 ,6668 ,13097 ,0 ,64107 ,0 ,2738 ,3955615 ,378875 ,3316 ,2107449 ,29885 ,14078 ,8704 ,108323 ,104067 ,34847 ,9105 ,203960 ,69841 ,142443 ,1077 ,8198 ,81260 ,4074 ,12449 ,15844582 ,9775 ,41769 ,0 ,3074896 ,1948341428 ,259819 ,22308 ,13687 ,1153 ,202517 ,6147 ,14530 ,701 ,2833479 ,24971 ,28565 ,126751 ,6693 ,255366 ,8259 ,5406 ,6900 ,30855 ,24034 ,873767 ,205585 ,8952 ,4243 ,39239 ,34372 ,13932 ,11971 ,21241 ,497617 ,0 ,0 ,11209 ,15573 ,142813 ,209206 ,101604 ,76983 ,42973 ,418220 ,226884 ,4710 ,825 ,475684 ,44967 ,576719 ,73671 ,8785 ,5937 ,257345 ,3523 ,168551 ,30664 ,7475 ,240509 ,62224 ,15245 ,3376 ,89945 ,8133 ,0 ,6474 ,18885 ,14012 ,167881 ,127545 ,43297 ,18453 ,7164 ,27147 ,33397 ,232454 ,9333 ,618 ,0 ,386959 ,49721 ,68305 ,698 ,2311 ,117540 ,751086 ,4851 ,0 ,0 ,18511 ,398622 ,5021 ,3830375 ,9609 ,58194 ,0 ,43291 ,0 ,379 ,7896 ,1729572 ,91575 ,118975 ,2516 ,27117 ,24076 ,213737 ,225 
2022-02-01,184333 ,4735 ,37575 ,4977 ,0 ,0 ,57514 ,38292 ,12982 ,2648 ,2434 ,24245 ,111879 ,106885 ,22841 ,178940 ,36415 ,8616 ,174 ,365766 ,15310 ,25908 ,627132 ,36061 ,38920 ,212072 ,239948 ,553827 ,693 ,65545 ,0 ,12342 ,441191 ,573571 ,2940 ,56464 ,0 ,117551 ,44839 ,9910 ,6407 ,14842 ,4232 ,13613 ,20347 ,81475 ,67264421 ,177 ,293235 ,145056 ,1452 ,153289 ,0 ,20191 ,4283746 ,25967 ,18338 ,225853 ,22218 ,167577737 ,1140382 ,14701 ,295 ,0 ,8463 ,402082 ,50091 ,0 ,113472 ,3339 ,3655434 ,181325 ,3694210 ,21112 ,26750 ,438 ,6942 ,25415 ,65646 ,187122 ,3495 ,489307 ,167824 ,10321 ,2482 ,7200 ,658915 ,91214 ,7532 ,12633 ,4473 ,0 ,98345 ,12906 ,7790 ,21975 ,23846093 ,504048 ,1381 ,0 ,188698 ,207 ,521387 ,574 ,37400 ,19599 ,10273 ,1550555 ,290673 ,13411 ,503009 ,1016918 ,2429 ,17703 ,313063 ,3322 ,538898 ,1298603 ,278229 ,20999 ,553817 ,206454 ,27980 ,2301 ,18352 ,15883 ,406411 ,1183226 ,3867 ,2263 ,1475 ,2205 ,3146 ,767928 ,17886 ,1402710 ,24165 ,153996 ,349005 ,3499 ,190912 ,73491 ,367593 ,21355 ,0 ,5914 ,3712077 ,11395096 ,78074 ,58689 ,18759 ,27928 ,11006 ,155438 ,350842 ,13029 ,229497 ,100204 ,3273 ,307194 ,1288 ,5942 ,34302 ,7858 ,18919 ,542484 ,34330 ,2675869 ,8208 ,2724 ,0 ,2716 ,10496 ,0 ,0 ,855 ,74564 ,13283 ,627558 ,2595 ,457 ,4488906 ,19088 ,9481 ,6675 ,44914 ,13431 ,82036 ,388657 ,0 ,3092 ,1798 ,1381 ,12927 ,16481 ,98915 ,0 ,7715 ,204 ,398 ,157646 ,0 ,3748 ,2320 ,2553133 ,56207 ,33140 ,16413 ,53878 ,38525 ,18135 ,38711 ,0 ,12884 ,94404 ,285398 ,13225 ,0 ,104974 ,0 ,253066 ,459614 ,0 ,383163 ,449678 ,3682 ,1481 ,891 ,1108 ,9178 ,3815 ,2747 ,488584 ,83648 ,8964 ,57367 ,2891 ,3252 ,113558 ,130858 ,0 ,488026 ,8754 ,0 ,27216 ,1088246 ,5117 ,536 ,0 ,175222 ,1756852 ,93789 ,20011 ,1190 ,1900 ,0 ,871543 ,244024 ,6189 ,18936 ,2441368 ,59260 ,50144 ,2102 ,4623 ,0 ,5703 ,2621 ,234665 ,4634 ,0 ,46021 ,594707 ,33031 ,581 ,1751 ,175351 ,241242 ,404 ,8011 ,196248 ,0 ,10545 ,64940 ,0 ,756 ,16157 ,3886 ,6734218 ,57505 ,52646 ,1043538 ,0 ,50885 ,13193 ,42812 ,15493 ,187967 ,243 ,1528 ,496128 ,104978 ,1352342 ,8021 ,23694 ,174954 ,13185 ,0 ,119111 ,16375 ,0 ,14880 ,1799150 ,17825 ,25480 ,33756 ,24144 ,3517 ,0 ,0 ,0 ,3134 ,123 ,11 ,14641 ,139389 ,47755 ,7299 ,12994 ,462358 ,9761 ,55066 ,3670693 ,1870 ,199409 ,13755 ,2112342 ,1641872 ,508440 ,1111945 ,5686 ,117735 ,8189523 ,21492 ,549 ,0 ,7952335 ,42090 ,4747 ,0 ,106418 ,54021 ,886 ,257956 ,50008 ,619 ,93794 ,136760 ,2448 ,64296 ,2357 ,5782 ,197551 ,1136789 ,1676841 ,2312117 ,25155 ,3409 ,5827 ,0 ,162 ,3878 ,553654 ,2566 ,2990 ,2999 ,250334 ,8821 ,2942933 ,2111 ,20348 ,397 ,17097 ,1683 ,15218696 ,5694 ,126582 ,906346 ,1838 ,78074 ,5866 ,1483 ,0 ,68907 ,11902 ,27104 ,8852 ,105524 ,53991 ,33394 ,15764 ,24943 ,136813 ,123501 ,197103 ,358381 ,1254501 ,461577 ,2428 ,1483 ,7395500 ,1512 ,8128 ,15842 ,1034 ,16512 ,5236 ,25333 ,73289 ,0 ,29129 ,5229 ,161047 ,11133 ,6320 ,11322 ,7825 ,4360 ,0 ,568 ,187133 ,39002 ,50544 ,53782 ,2548 ,20429 ,0 ,97459 ,3682 ,1766 ,82706 ,20103 ,3085 ,749 ,10364 ,9593 ,102082 ,2991 ,3710381 ,602 ,33299 ,16747 ,24901 ,293383 ,62028 ,133 ,2640 ,5208 ,0 ,5265 ,0 ,38515 ,41052 ,167040 ,0 ,44253 ,8893 ,85415 ,1458703 ,1472 ,156096 ,15176 ,2440 ,6866 ,913369 ,2359 ,24619 ,4369 ,4704 ,42715 ,81321 ,1231 ,121797 ,119362 ,6803 ,6699 ,15929 ,0 ,7052 ,6916 ,37567 ,554565 ,553243 ,0 ,8356 ,161663 ,24467 ,16320 ,149478 ,80260 ,359315 ,270418 ,0 ,72 ,236993 ,3103753 ,4287 ,878016 ,12025 ,2604 ,2834 ,21175 ,3828342 ,19322 ,11261 ,13562 ,860 ,118973 ,7564 ,5392 ,369221 ,43810 ,5920 ,107015 ,665006 ,3323 ,11196 ,40101 ,8266 ,330 ,140216 ,32582 ,14440 ,31950 ,135279 ,134709 ,0 ,51555 ,35161 ,1469944 ,2149 ,2149 ,26381 ,183330 ,115459 ,2860 ,101124 ,9000 ,19181 ,2700 ,545968 ,3794 ,199539 ,3056 ,1556 ,11572 ,396099 ,6290 ,3111 ,1511 ,1511 ,6044 ,2683 ,24051 ,29093 ,7555 ,243679 ,78832 ,35967 ,103865 ,39027092 ,0 ,11429 ,35387 ,155796 ,5968 ,106233 ,186930 ,656678 ,125856 ,4375958 ,7899 ,2741 ,1491 ,63239 ,7626 ,535577 ,5562 ,1351 ,292 ,8133 ,19660 ,15734 ,12892 ,8535 ,506537 ,5905 ,1833 ,97202 ,2286286 ,610005 ,3418 ,5037906 ,567 ,49603 ,4001 ,151290 ,84543 ,63869 ,21232 ,360 ,44029 ,94097 ,777622 ,0 ,23856 ,0 ,25303 ,48979 ,98311 ,1277 ,15056 ,34881 ,4025 ,8412 ,18295 ,51487 ,10848 ,242 ,23465 ,108910 ,0 ,440496 ,0 ,8024 ,1969991 ,625614 ,457 ,191821 ,630 ,21355 ,2205 ,66661 ,32345 ,17216 ,61199 ,12503 ,1126688 ,29765 ,411 ,3482 ,49200 ,96053 ,93399 ,43841 ,266552 ,6819780 ,267686 ,29162 ,511497 ,0 ,6360 ,9148 ,79621 ,2505 ,358405 ,386977 ,375 ,130075 ,4558 ,0 ,240993 ,403 ,30940055 ,21837 ,41589 ,16118 ,3620 ,1605 ,196805 ,169221 ,1210 ,85502 ,94488 ,1637797 ,82260 ,325311 ,249664 ,76610 ,153789 ,9305 ,0 ,2765 ,136300 ,0 ,14343 ,14343 ,8313472 ,3906363 ,0 ,7268 ,8631938 ,5996115 ,770305 ,3285 ,48138 ,214878 ,147413 ,7359 ,44858 ,18658 ,38010 ,706540 ,5147 ,27100 ,8118 ,169476 ,54 ,0 ,5274807 ,28548 ,30587 ,3880157 ,382000 ,340861 ,10548 ,2700 ,629116 ,11750 ,24761 ,8065 ,2867 ,33467 ,7113 ,1708 ,6534 ,262465 ,118231 ,4767 ,158999 ,30804 ,1980831 ,7959 ,3971 ,3041 ,2139 ,2242 ,36027 ,81209 ,18179 ,150779 ,414172 ,4903 ,1555584 ,3052 ,0 ,715978875 ,94951 ,13817 ,2613 ,0 ,2367663 ,2216 ,2081 ,10596 ,778167 ,15368 ,3443 ,2927 ,28657 ,14215 ,15444 ,0 ,2327 ,68167 ,1724943 ,7620 ,884435 ,693201 ,2724 ,3340 ,45644 ,13156 ,24467 ,37851 ,4140 ,401571 ,23067 ,248478 ,2150 ,2634633 ,9237 ,54744 ,165836 ,2346 ,4565 ,436 ,984 ,6601 ,0 ,11657 ,18869 ,6988 ,4763 ,53833 ,27570 ,1471561 ,0 ,12602 ,5484 ,49885 ,9391 ,11165 ,2019937 ,98681 ,639596 ,13381 ,2382 ,3358625 ,6736 ,1899 ,1517 ,90951 ,306584 ,21086 ,87861 ,18013 ,4701 ,40416 ,0 ,580271 ,0 ,5906 ,347936 ,88650 ,16853 ,0 ,6955 ,22269 ,285825 ,8255 ,4140 ,9979 ,17658 ,18775 ,44698497 ,3780158 ,15188626 ,134741 ,1407895 ,4932556 ,97154 ,4651978 ,7164 ,502285 ,79876 ,89726 ,24139 ,91947 ,26441 ,5899 ,839 ,11463 ,3626 ,2700 ,5374025 ,109739 ,38682 ,170647 ,2755 ,6323 ,2979023 ,19503 ,70812 ,1240085 ,0 ,33344 ,389004 ,21088 ,1018 ,10758 ,85968 ,10777 ,32367 ,40095 ,296606 ,62458 ,162877 ,619 ,1256322 ,58490 ,6153 ,16269 ,4815 ,19733 ,10322483 ,4354 ,9942162 ,22741 ,33013 ,7352 ,5243 ,4649 ,0 ,112106 ,245265 ,33877602 ,72724 ,2911 ,10538 ,50009 ,34606 ,65630 ,4566 ,241989 ,39669 ,59630 ,316845 ,14361 ,4799 ,1085621 ,95341 ,28565 ,65205 ,479739 ,706260 ,817634 ,45001 ,2404 ,18805 ,2235227 ,1070759 ,1635317 ,148928 ,655862 ,2858131 ,1539414 ,22265 ,26203 ,6104 ,288063 ,102588 ,0 ,1452 ,861 ,317 ,32866 ,1182130 ,13848 ,532486 ,44724 ,31985 ,60444 ,128593 ,14873 ,228854 ,1828 ,1483 ,178640 ,14422275 ,8022 ,5118 ,49116 ,69836 ,7586 ,32490556 ,12348 ,850114 ,77501 ,24607 ,23673 ,52265 ,33030 ,256194 ,6302 ,518749 ,469790 ,4772 ,56761 ,1075 ,13816 ,117420 ,4665 ,18196 ,48431 ,4396 ,8872060 ,9448487 ,37527 ,10913700 ,0 ,2965 ,3793 ,0 ,39271 ,84271 ,9943 ,12595 ,3752674 ,63299 ,5165 ,20199 ,39792 ,101995 ,8791752 ,227 ,0 ,9197 ,13828 ,0 ,74924 ,0 ,7111 ,3870818 ,420011 ,132 ,2032284 ,22968 ,25226 ,31450 ,84383 ,64718 ,40932 ,418 ,164552 ,92634 ,121319 ,417 ,266 ,31007 ,4875 ,5516 ,11431034 ,1500 ,51232 ,0 ,1816553 ,1887645489 ,264073 ,22497 ,19650 ,309 ,251488 ,10885 ,7615 ,507 ,2363738 ,15756 ,44529 ,170813 ,5216 ,163657 ,10103 ,1558 ,6753 ,20365 ,36342 ,1000706 ,207121 ,1074 ,3871 ,32310 ,39978 ,17625 ,8437 ,21400 ,506876 ,0 ,0 ,44209 ,5982 ,169815 ,242861 ,89095 ,61107 ,43520 ,393984 ,142905 ,6892 ,1481 ,359156 ,43382 ,456208 ,108574 ,2226 ,9021 ,249229 ,3576 ,136743 ,6522 ,2004 ,234932 ,71061 ,17517 ,5024 ,80215 ,8681 ,587 ,2014 ,6463 ,30930 ,132444 ,77560 ,22072 ,21238 ,4946 ,22899 ,41208 ,216479 ,8552 ,629 ,0 ,437705 ,31859 ,51044 ,2053 ,5332 ,132613 ,668220 ,5417 ,3624 ,3624 ,8008 ,307979 ,17433 ,3801707 ,15831 ,65089 ,0 ,38370 ,289 ,0 ,5736 ,2102054 ,75728 ,122843 ,12391 ,33702 ,18619 ,184741 ,0 
2022-03-01,189220 ,4898 ,39101 ,6646 ,0 ,0 ,70254 ,49939 ,10481 ,563 ,8025 ,19261 ,91994 ,121882 ,19693 ,104706 ,14970 ,6783 ,0 ,411867 ,31578 ,14619 ,391179 ,33538 ,35893 ,250936 ,399086 ,755502 ,8624 ,71668 ,0 ,15311 ,429693 ,604334 ,3297 ,51879 ,0 ,162449 ,53690 ,6601 ,433 ,11599 ,399 ,23795 ,12066 ,81071 ,73144891 ,7485 ,288457 ,179365 ,1669 ,100766 ,2658 ,41819 ,4430474 ,27202 ,16771 ,209683 ,23655 ,157078992 ,1162285 ,7896 ,0 ,0 ,3452 ,388875 ,43461 ,0 ,80637 ,2950 ,2516743 ,116263 ,3991376 ,27060 ,2598 ,567 ,7468 ,20132 ,54663 ,127997 ,5114 ,751985 ,170699 ,9376 ,4436 ,3779 ,654841 ,79124 ,2515 ,18999 ,5118 ,0 ,91619 ,14866 ,6170 ,30746 ,24226616 ,617537 ,1847 ,0 ,182325 ,1520 ,396694 ,2067 ,13349 ,22686 ,17135 ,1790735 ,261720 ,50205 ,562790 ,827554 ,4053 ,24934 ,315863 ,11546 ,474989 ,1447021 ,209145 ,25211 ,473132 ,150636 ,34994 ,5546 ,4039 ,18510 ,324860 ,1126778 ,4166 ,6847 ,1341 ,4090 ,5386 ,479950 ,17245 ,1452014 ,5802 ,126247 ,338698 ,3256 ,190038 ,71645 ,444151 ,22702 ,0 ,10085 ,3752598 ,10992987 ,73864 ,81354 ,26524 ,25188 ,10742 ,97484 ,438601 ,15884 ,292026 ,118485 ,7177 ,313965 ,307 ,7514 ,29269 ,13685 ,22782 ,687837 ,18904 ,2484203 ,11349 ,2060 ,0 ,1923 ,13113 ,765 ,0 ,2288 ,81296 ,25053 ,650118 ,2457 ,4576 ,4498839 ,20193 ,8872 ,10845 ,99468 ,16023 ,124389 ,316873 ,32 ,1088 ,5297 ,1758 ,6959 ,16006 ,123627 ,0 ,1716 ,51 ,0 ,138975 ,0 ,4650 ,5466 ,2603664 ,45340 ,16040 ,17505 ,84959 ,37258 ,21004 ,13395 ,0 ,24681 ,85641 ,363313 ,3657 ,526 ,134967 ,0 ,217318 ,468986 ,448 ,306379 ,386681 ,4847 ,625 ,1461 ,4442 ,15467 ,4670 ,9391 ,336618 ,103441 ,4872 ,74351 ,5726 ,9878 ,124034 ,127418 ,0 ,523838 ,2804 ,0 ,22225 ,1103996 ,3570 ,1381 ,0 ,219289 ,2001390 ,73277 ,4989 ,9768 ,0 ,0 ,874349 ,209280 ,9967 ,33058 ,2260205 ,66195 ,32824 ,1178 ,6459 ,2553 ,4021 ,21991 ,278726 ,4985 ,0 ,32740 ,569366 ,36803 ,5248 ,3363 ,170459 ,259175 ,0 ,3401 ,181447 ,0 ,7241 ,61908 ,0 ,8515 ,15884 ,338 ,6281263 ,41763 ,84720 ,928963 ,445 ,14813 ,20351 ,43312 ,12855 ,121195 ,0 ,1214 ,446783 ,92193 ,1456064 ,10577 ,41570 ,167003 ,13381 ,0 ,111920 ,13784 ,0 ,24827 ,1902620 ,9965 ,18843 ,89959 ,20466 ,6147 ,0 ,0 ,0 ,29608 ,1383 ,568 ,8872 ,148863 ,33696 ,7693 ,18370 ,556589 ,8829 ,45537 ,3733119 ,22475 ,319347 ,9448 ,2227202 ,1613812 ,661287 ,1014405 ,3744 ,72832 ,7868408 ,5720 ,3023 ,0 ,7626318 ,33108 ,274 ,0 ,69893 ,72586 ,1176 ,181127 ,98417 ,4586 ,80169 ,143999 ,0 ,60806 ,4892 ,9429 ,213340 ,1186295 ,1782251 ,2173453 ,35761 ,3316 ,5830 ,180 ,109 ,6131 ,540801 ,7191 ,2866 ,3922 ,214130 ,9324 ,2858564 ,4729 ,27587 ,1118 ,15026 ,3883 ,15213114 ,20311 ,46084 ,1095934 ,402 ,36966 ,4916 ,13965 ,0 ,115278 ,18745 ,22192 ,6358 ,81240 ,58913 ,22613 ,11554 ,9907 ,67655 ,102745 ,200270 ,378159 ,1149498 ,424553 ,6600 ,0 ,7053060 ,0 ,7442 ,22475 ,1356 ,20622 ,10299 ,43834 ,65012 ,3508 ,3584 ,3105 ,253769 ,6073 ,9987 ,11208 ,5845 ,2658 ,0 ,1960 ,149053 ,9186 ,71640 ,33839 ,5769 ,18981 ,0 ,58441 ,8620 ,765 ,86938 ,11106 ,1928 ,0 ,21528 ,10715 ,82628 ,33114 ,3671437 ,4333 ,49582 ,17604 ,18991 ,418756 ,40653 ,186 ,3395 ,6977 ,0 ,26223 ,1661 ,21689 ,45443 ,137683 ,0 ,41888 ,4475 ,91529 ,1421340 ,570 ,92247 ,16580 ,6511 ,14504 ,809926 ,0 ,28732 ,6919 ,2703 ,67588 ,128745 ,1163 ,118904 ,165539 ,16728 ,4790 ,22227 ,0 ,4713 ,6369 ,38034 ,560875 ,455518 ,528 ,7456 ,116535 ,35415 ,10175 ,123499 ,98184 ,238855 ,280342 ,0 ,458 ,178560 ,2564734 ,4067 ,881346 ,8022 ,4377 ,4431 ,37357 ,3736421 ,23787 ,9547 ,6584 ,641 ,102728 ,7711 ,2442 ,514111 ,33243 ,4646 ,128857 ,572529 ,5842 ,7998 ,31953 ,15659 ,6358 ,231753 ,23473 ,17927 ,58326 ,49271 ,77847 ,0 ,59811 ,31874 ,1094192 ,2794 ,2794 ,31515 ,284617 ,86975 ,4881 ,75446 ,8988 ,20644 ,4239 ,500736 ,730 ,233725 ,3768 ,0 ,2362 ,409088 ,5205 ,6071 ,5011 ,5011 ,5283 ,127 ,5297 ,50489 ,15988 ,179960 ,81395 ,27698 ,252580 ,43036380 ,2914 ,19674 ,62029 ,135657 ,5064 ,88325 ,189985 ,739229 ,79638 ,3928442 ,3641 ,2508 ,9044 ,83518 ,3384 ,433860 ,12434 ,505 ,7298 ,9035 ,17234 ,10806 ,16715 ,4176 ,465959 ,7309 ,4276 ,115879 ,2174842 ,525766 ,4968 ,5525059 ,18620 ,38606 ,12419 ,163769 ,2760 ,70978 ,2735 ,0 ,35025 ,116702 ,780707 ,0 ,17098 ,0 ,28706 ,50315 ,96538 ,330 ,19358 ,25835 ,3267 ,24160 ,24612 ,63100 ,39133 ,1014 ,14902 ,124507 ,0 ,391520 ,2450 ,10509 ,1876016 ,823063 ,1376 ,144878 ,799 ,22702 ,0 ,25418 ,39072 ,20690 ,63907 ,20994 ,956761 ,20712 ,538 ,2270 ,39057 ,61521 ,75550 ,37068 ,286572 ,6966864 ,31212 ,24661 ,671360 ,0 ,6301 ,9584 ,94524 ,9210 ,403296 ,537956 ,894 ,119424 ,4314 ,0 ,246878 ,461 ,28467070 ,25883 ,45010 ,12157 ,2630 ,1502 ,245346 ,192066 ,2738 ,63364 ,56136 ,1675589 ,38307 ,390434 ,374222 ,55490 ,205421 ,1801 ,3678 ,1475 ,135926 ,0 ,14372 ,14372 ,15611449 ,3493597 ,787 ,9505 ,8005608 ,6029367 ,778797 ,436 ,87697 ,153243 ,73109 ,13672 ,32440 ,14782 ,43525 ,728236 ,4725 ,42296 ,7464 ,91275 ,325 ,0 ,4691017 ,25400 ,24784 ,4080645 ,328455 ,360309 ,4826 ,2553 ,592401 ,21250 ,14655 ,4437 ,4453 ,48152 ,8194 ,1648 ,28734 ,246322 ,164400 ,927 ,104975 ,37908 ,2084850 ,6829 ,5108 ,645 ,3324 ,1649 ,20750 ,122334 ,25619 ,130769 ,381304 ,4197 ,1481861 ,6445 ,0 ,1293466047 ,75229 ,5948 ,4774 ,0 ,1844052 ,2728 ,2447 ,32776 ,763983 ,4557 ,5401 ,1465 ,22893 ,17008 ,8905 ,0 ,1783 ,64667 ,1640282 ,4379 ,911754 ,603360 ,0 ,1092 ,42521 ,2085 ,6142 ,38778 ,1587 ,334502 ,36274 ,381334 ,7321 ,2487067 ,7541 ,58582 ,304697 ,4624 ,9136 ,1400 ,3261 ,7439 ,1398 ,20349 ,17307 ,22835 ,7007 ,51164 ,24605 ,1811134 ,2008 ,29814 ,11144 ,44340 ,1008 ,25143 ,4972747 ,129945 ,534583 ,13646 ,960 ,3061310 ,3680 ,3589 ,0 ,58210 ,285981 ,24616 ,81862 ,19707 ,0 ,30123 ,4090 ,602775 ,0 ,1170 ,387825 ,108845 ,11949 ,0 ,6609 ,14827 ,183612 ,18555 ,0 ,7086 ,19234 ,33228 ,45248708 ,3756976 ,14961715 ,144193 ,1615921 ,4816501 ,127208 ,5018671 ,11043 ,527913 ,59998 ,129242 ,15672 ,86610 ,15543 ,3463 ,11695 ,11887 ,2229 ,2658 ,6004392 ,119249 ,36702 ,156770 ,2599 ,7768 ,3095948 ,15880 ,59005 ,1049109 ,0 ,32709 ,460724 ,36487 ,244 ,12032 ,171779 ,14589 ,34985 ,44309 ,233559 ,61739 ,191291 ,1757 ,1081807 ,43761 ,28728 ,13096 ,1969 ,7033 ,9593482 ,5566 ,11041730 ,16602 ,43706 ,6755 ,2077 ,2827 ,106 ,161110 ,180784 ,31905173 ,92765 ,8565 ,5556 ,46225 ,29257 ,106346 ,3493 ,188259 ,56101 ,52544 ,229507 ,10286 ,6564 ,999773 ,110191 ,10918 ,247332 ,421260 ,729436 ,856600 ,68028 ,21625 ,34351 ,2146966 ,2009186 ,2089929 ,139840 ,520756 ,3406258 ,1536709 ,12897 ,61662 ,0 ,279924 ,84004 ,0 ,1698 ,316 ,3256 ,110132 ,1124499 ,18311 ,359393 ,28922 ,29330 ,64930 ,86164 ,31838 ,207323 ,3501 ,1398 ,257229 ,14465097 ,11634 ,4460 ,42847 ,66444 ,9827 ,36865397 ,11319 ,638218 ,97445 ,30465 ,14908 ,48184 ,40975 ,250827 ,4646 ,537221 ,477939 ,17653 ,63508 ,2015 ,24129 ,107407 ,3452 ,20155 ,87950 ,3134 ,8425435 ,8284230 ,27053 ,10656911 ,0 ,8495 ,17730 ,0 ,31197 ,70125 ,4775 ,7210 ,3770208 ,82593 ,6426 ,20760 ,33311 ,88204 ,10575399 ,194 ,0 ,9883 ,13291 ,0 ,70423 ,0 ,4999 ,4054253 ,351793 ,75 ,1895912 ,16700 ,12543 ,2538 ,112061 ,67121 ,38763 ,2366 ,187971 ,62167 ,112092 ,1856 ,233 ,56092 ,5494 ,5478 ,9611220 ,2664 ,51412 ,0 ,1361164 ,1989854584 ,273699 ,14551 ,18956 ,2537 ,251186 ,12036 ,9948 ,1587 ,2232169 ,15192 ,41921 ,184459 ,2516 ,135038 ,12158 ,800 ,8336 ,12601 ,34558 ,1084356 ,212007 ,8893 ,12342 ,30701 ,60577 ,15287 ,16886 ,18018 ,478860 ,0 ,0 ,39717 ,7900 ,140482 ,307528 ,82754 ,48937 ,21858 ,274005 ,132695 ,4645 ,3308 ,376919 ,79269 ,380352 ,78883 ,1920 ,4989 ,183876 ,5491 ,136681 ,6301 ,6186 ,159574 ,42080 ,15508 ,3243 ,104988 ,13214 ,1014 ,1275 ,1353 ,11251 ,125668 ,164643 ,23097 ,23676 ,5462 ,26567 ,38327 ,198502 ,13400 ,825 ,0 ,411607 ,26878 ,61502 ,876 ,1622 ,135154 ,540248 ,4686 ,2629 ,2629 ,7393 ,283359 ,5585 ,3868451 ,21369 ,62275 ,0 ,26983 ,233 ,0 ,5019 ,1853581 ,90679 ,108033 ,2553 ,28086 ,13234 ,191227 ,0 
2022-04-01,193253 ,4361 ,51095 ,19984 ,981 ,0 ,88675 ,26134 ,7746 ,2460 ,3724 ,21412 ,90957 ,115725 ,37010 ,97893 ,24021 ,7665 ,0 ,397198 ,37372 ,18083 ,622994 ,35787 ,37381 ,218433 ,283977 ,628627 ,2354 ,49827 ,0 ,15835 ,473783 ,571824 ,2388 ,72902 ,0 ,128419 ,70216 ,4784 ,5495 ,14053 ,1945 ,10896 ,15659 ,53650 ,73150045 ,1163 ,132752 ,216140 ,1865 ,147339 ,2741 ,24445 ,4440956 ,16558 ,8558 ,247996 ,26109 ,175310856 ,1083528 ,18362 ,0 ,4986 ,3682 ,237802 ,55380 ,0 ,95353 ,2611 ,4053402 ,148176 ,5246680 ,23154 ,22718 ,1214 ,7145 ,28881 ,50391 ,131352 ,6112 ,591482 ,168927 ,3726 ,2896 ,3710 ,782614 ,58408 ,9101 ,12364 ,4373 ,0 ,73660 ,4563 ,8336 ,26513 ,23481279 ,581824 ,1751 ,0 ,192162 ,7796 ,359641 ,4955 ,13907 ,22235 ,9058 ,1634539 ,315795 ,1386 ,530616 ,1164325 ,3214 ,19591 ,346538 ,4052 ,506933 ,1518934 ,238558 ,26016 ,501942 ,156770 ,25224 ,10639 ,20418 ,15153 ,355699 ,1053218 ,2785 ,4277 ,1606 ,17289 ,1590 ,491701 ,14406 ,1386463 ,17169 ,106769 ,317632 ,1780 ,252993 ,44353 ,402404 ,21252 ,0 ,11515 ,3510653 ,9485210 ,44240 ,52893 ,21947 ,26529 ,20222 ,80425 ,396122 ,29787 ,238930 ,97810 ,6239 ,184616 ,1990 ,5925 ,26844 ,26305 ,30869 ,551707 ,33590 ,2558772 ,9375 ,3072 ,138 ,2529 ,11265 ,910 ,0 ,1149 ,55292 ,14694 ,651605 ,2787 ,803 ,4717935 ,8891 ,13020 ,14944 ,36408 ,11338 ,105197 ,438191 ,664 ,2125 ,1114 ,1375 ,3551 ,14255 ,106009 ,0 ,5 ,2642 ,0 ,107501 ,1859 ,2853 ,2704 ,2532982 ,62189 ,22430 ,19402 ,73584 ,22363 ,11997 ,13767 ,0 ,16248 ,102068 ,312321 ,7610 ,1495 ,129092 ,1862 ,190181 ,542753 ,2017 ,401598 ,833215 ,6237 ,1451 ,2297 ,2189 ,16917 ,4275 ,2881 ,382423 ,82194 ,7959 ,60827 ,4254 ,5662 ,111597 ,148847 ,0 ,218812 ,75500 ,0 ,23307 ,1219199 ,5037 ,953 ,0 ,287265 ,2227558 ,86203 ,14616 ,5768 ,0 ,358 ,919659 ,187521 ,9914 ,24449 ,2200289 ,36694 ,48440 ,1990 ,8208 ,2639 ,3887 ,10115 ,245168 ,1957 ,0 ,33252 ,641142 ,34553 ,1305 ,3964 ,188832 ,270274 ,60 ,5561 ,177976 ,0 ,10577 ,38860 ,232 ,1911 ,20843 ,7141 ,7019188 ,52089 ,68031 ,987859 ,990 ,16856 ,16602 ,55521 ,11801 ,181425 ,0 ,3460 ,435002 ,101222 ,1489790 ,7425 ,28490 ,199744 ,19315 ,0 ,91881 ,16444 ,360 ,11537 ,1819993 ,8672 ,15958 ,35198 ,21722 ,4952 ,0 ,146 ,0 ,37407 ,1002 ,153 ,8656 ,135712 ,46461 ,16594 ,18457 ,659714 ,12638 ,62296 ,3689419 ,9491 ,258097 ,13355 ,2137206 ,1784484 ,591918 ,1093689 ,4424 ,102737 ,7480398 ,7325 ,1881 ,0 ,7592301 ,52947 ,7077 ,0 ,115947 ,58453 ,1343 ,188524 ,78381 ,1328 ,101382 ,197759 ,0 ,67024 ,3007 ,6097 ,218541 ,1064653 ,1696823 ,2387072 ,24970 ,2602 ,3291 ,108 ,205 ,2312 ,506841 ,3458 ,2437 ,3405 ,236560 ,9417 ,2554078 ,7190 ,22126 ,388 ,14394 ,1673 ,15531911 ,7597 ,19505 ,817705 ,2003 ,44108 ,3414 ,2639 ,0 ,133007 ,15359 ,10517 ,8358 ,47824 ,860699 ,23031 ,17710 ,15740 ,85073 ,103132 ,200810 ,460790 ,1021831 ,450331 ,10284 ,0 ,6584218 ,0 ,7856 ,18174 ,2046 ,19834 ,7554 ,28074 ,51875 ,3802 ,4578 ,5120 ,212557 ,11783 ,7980 ,20098 ,3862 ,4774 ,940 ,1545 ,128280 ,20390 ,50971 ,44606 ,4607 ,10988 ,1379 ,67617 ,0 ,1385 ,66396 ,18347 ,3268 ,0 ,9946 ,8010 ,90200 ,7160 ,3882056 ,4918 ,44453 ,14625 ,13648 ,450528 ,28346 ,3048 ,2470 ,21776 ,0 ,27400 ,585 ,48538 ,43251 ,165174 ,1418 ,37740 ,5167 ,84877 ,1435000 ,1034 ,102861 ,13337 ,4823 ,11038 ,779074 ,0 ,34082 ,5652 ,5729 ,48492 ,89843 ,1214 ,114296 ,160972 ,3366 ,6801 ,12844 ,0 ,10734 ,5780 ,32222 ,515975 ,420038 ,496 ,7809 ,172049 ,20897 ,10859 ,131393 ,96589 ,277747 ,246861 ,0 ,1920 ,566808 ,2229847 ,4083 ,887955 ,13146 ,8091 ,3509 ,24168 ,3625882 ,28117 ,15985 ,11508 ,649 ,80467 ,9629 ,4140 ,426553 ,21542 ,1734 ,139623 ,611005 ,3595 ,4164 ,16010 ,9894 ,256 ,142085 ,37468 ,14310 ,17261 ,36372 ,185769 ,0 ,20727 ,32585 ,1112725 ,750 ,750 ,12086 ,214361 ,64077 ,1157 ,77614 ,9435 ,12247 ,4357 ,490646 ,791 ,264876 ,11780 ,0 ,4991 ,435246 ,8697 ,2721 ,1486 ,1486 ,9382 ,3937 ,17809 ,35957 ,17904 ,151473 ,87187 ,119338 ,134201 ,43459238 ,5445 ,11840 ,38481 ,131160 ,8453 ,128504 ,195623 ,661915 ,109883 ,4756118 ,2453 ,3440 ,7055 ,56452 ,750 ,314719 ,6812 ,995 ,667 ,6051 ,24903 ,13130 ,19628 ,2936 ,508287 ,6121 ,3208 ,107317 ,2002103 ,587009 ,3829 ,5532440 ,0 ,31528 ,5523 ,176986 ,4232 ,45447 ,21349 ,0 ,52190 ,126197 ,629736 ,0 ,18651 ,0 ,13646 ,32718 ,77263 ,692 ,17430 ,28626 ,421 ,25400 ,6002 ,34303 ,39601 ,516 ,15126 ,144035 ,0 ,397790 ,748 ,12866 ,1823248 ,709074 ,475 ,163860 ,865 ,21252 ,0 ,32254 ,65430 ,18084 ,90053 ,13299 ,1037768 ,25110 ,980 ,1738 ,38373 ,112024 ,96096 ,35293 ,285157 ,8265390 ,17771 ,32504 ,656017 ,0 ,2875 ,15945 ,99488 ,4611 ,366175 ,289258 ,1496 ,132733 ,13577 ,881 ,212469 ,795 ,31864956 ,22547 ,40200 ,14417 ,4627 ,1528 ,279921 ,182189 ,2043 ,82762 ,110906 ,1634455 ,50808 ,331321 ,246190 ,72355 ,191334 ,11659 ,1764 ,2127 ,101215 ,0 ,14613 ,15319 ,13254455 ,3713748 ,189 ,7812 ,8562334 ,5682369 ,741943 ,4666 ,84921 ,157273 ,63859 ,7307 ,45769 ,16644 ,37430 ,688422 ,25550 ,27583 ,1600 ,44720 ,230 ,405 ,7319010 ,20171 ,28775 ,3653468 ,242446 ,353139 ,3286 ,0 ,638621 ,11251 ,22146 ,3902 ,1747 ,43348 ,6745 ,2072 ,7299 ,264117 ,72702 ,3780 ,78469 ,36987 ,1983063 ,11887 ,8300 ,2952 ,2131 ,3618 ,37434 ,158973 ,25072 ,173761 ,407514 ,8664 ,1599358 ,3724 ,0 ,1152002376 ,53423 ,5210 ,4403 ,0 ,2383138 ,3753 ,2156 ,12473 ,678655 ,11160 ,1756 ,153 ,24257 ,10776 ,7031 ,0 ,2156 ,52516 ,1479010 ,7594 ,1112005 ,671800 ,62 ,3214 ,49300 ,5390 ,18818 ,38162 ,4977 ,452454 ,19047 ,445291 ,0 ,2331873 ,8396 ,53568 ,195043 ,3438 ,4750 ,2302 ,1602 ,2193 ,1824 ,11176 ,18123 ,9695 ,7722 ,50203 ,11370 ,1661433 ,2046 ,26672 ,6789 ,33424 ,1839 ,30571 ,2186738 ,99061 ,617243 ,8680 ,1893 ,2888175 ,4281 ,1246 ,0 ,21717 ,258479 ,11651 ,93565 ,16904 ,0 ,37596 ,19587 ,555450 ,0 ,3191 ,325751 ,57463 ,8598 ,0 ,1270 ,16449 ,114169 ,7026 ,0 ,11079 ,18992 ,12216 ,44433968 ,4060431 ,14513185 ,145693 ,1681701 ,4915478 ,113103 ,5538046 ,9107 ,517436 ,66995 ,145233 ,13969 ,121915 ,11892 ,2816 ,18561 ,17477 ,5759 ,2639 ,5756332 ,72689 ,46018 ,204140 ,66 ,8442 ,2939763 ,21153 ,31568 ,1035442 ,2127 ,41944 ,346790 ,41499 ,793 ,26391 ,110951 ,7322 ,29918 ,45608 ,306722 ,66756 ,190626 ,58245 ,1311599 ,53833 ,30378 ,15401 ,4738 ,6938 ,7592959 ,3250 ,9382560 ,15189 ,74554 ,12984 ,2164 ,1609 ,157 ,125730 ,168799 ,34106893 ,87228 ,1858 ,10081 ,45883 ,34156 ,75670 ,3966 ,170088 ,36517 ,56623 ,347125 ,15646 ,5355 ,1025157 ,133382 ,26480 ,90464 ,469446 ,722184 ,929571 ,31702 ,2926 ,41588 ,2294065 ,1751464 ,1662080 ,149126 ,674453 ,2897289 ,1361620 ,13595 ,68074 ,0 ,283372 ,94987 ,0 ,297 ,0 ,3910 ,65765 ,1276279 ,16543 ,473395 ,29710 ,21525 ,61062 ,81914 ,28809 ,206343 ,2534 ,1412 ,253343 ,14610326 ,21644 ,5481 ,19157 ,85526 ,8008 ,35689231 ,13364 ,863732 ,69914 ,28380 ,30261 ,50039 ,45114 ,219931 ,4987 ,394757 ,557252 ,8355 ,62622 ,1002 ,70880 ,114801 ,4494 ,24213 ,79487 ,4253 ,8381547 ,9485775 ,35834 ,11058016 ,0 ,2740 ,3705 ,2132 ,47153 ,82805 ,3224 ,7337 ,3554517 ,67020 ,10661 ,31833 ,41248 ,74403 ,9374590 ,372 ,200 ,10817 ,8234 ,0 ,54459 ,0 ,8471 ,4251110 ,418645 ,1501 ,1926156 ,27535 ,20636 ,21147 ,123738 ,82289 ,38365 ,3012 ,151472 ,63605 ,120855 ,607 ,18864 ,45958 ,10187 ,5103 ,8025728 ,4856 ,44467 ,0 ,1001210 ,1930710336 ,375367 ,22382 ,19419 ,5054 ,240137 ,11580 ,2161 ,641 ,2496351 ,22238 ,43493 ,177895 ,2642 ,195885 ,8811 ,2050 ,20322 ,22618 ,34714 ,1061951 ,191598 ,2991 ,4933 ,39236 ,38932 ,24317 ,13171 ,13576 ,464509 ,0 ,0 ,31179 ,4975 ,188280 ,368391 ,83006 ,39205 ,22246 ,337682 ,93711 ,7083 ,4191 ,332066 ,55402 ,496589 ,185602 ,4017 ,8866 ,186236 ,4208 ,187711 ,2667 ,6470 ,254802 ,47009 ,7422 ,2573 ,108477 ,8093 ,497 ,4493 ,3997 ,12244 ,116851 ,128494 ,19692 ,20687 ,6611 ,26979 ,42757 ,143037 ,8406 ,2327 ,146 ,470285 ,4222 ,44518 ,1804 ,5420 ,146353 ,617843 ,3466 ,2989 ,2989 ,39477 ,314759 ,1263 ,3810266 ,16461 ,68845 ,0 ,13387 ,543 ,443 ,6796 ,1569918 ,116322 ,70925 ,5801 ,29307 ,13821 ,261056 ,138 
2022-05-01,271488 ,2403 ,36743 ,13123 ,5341 ,0 ,79025 ,58337 ,2910 ,415 ,5390 ,9155 ,100623 ,123884 ,26991 ,99771 ,82914 ,12181 ,267 ,422606 ,36538 ,9926 ,202356 ,43208 ,43582 ,303675 ,381788 ,596546 ,11183 ,76990 ,221 ,12862 ,460407 ,648886 ,1903 ,64854 ,151 ,137841 ,98638 ,8563 ,267 ,21804 ,1269 ,17106 ,8423 ,61303 ,84209226 ,2004 ,239933 ,308883 ,1284 ,86401 ,138 ,108049 ,4590702 ,13087 ,10397 ,286006 ,40953 ,176393031 ,992371 ,24844 ,267 ,4644 ,3617 ,455836 ,113563 ,0 ,105517 ,2179 ,4343631 ,165349 ,4606593 ,13785 ,6985 ,19380 ,3958 ,20078 ,58554 ,112441 ,14315 ,487218 ,138779 ,1603 ,2538 ,2477 ,1094919 ,88975 ,10875 ,13217 ,5090 ,1551 ,78233 ,4378 ,4547 ,28098 ,23236509 ,633326 ,3159 ,0 ,246999 ,1565 ,417111 ,2412 ,99470 ,24718 ,14267 ,1912933 ,428043 ,9576 ,565035 ,1296066 ,4955 ,25844 ,337110 ,1665 ,519666 ,1227282 ,273931 ,38587 ,518178 ,186998 ,35604 ,7244 ,2934 ,20230 ,326036 ,1302244 ,1383 ,8106 ,326 ,3811 ,1457 ,541892 ,24021 ,1445849 ,34777 ,96295 ,290727 ,0 ,243734 ,100635 ,427405 ,19178 ,0 ,7772 ,3599875 ,9142666 ,47183 ,43549 ,22207 ,12118 ,7556 ,75009 ,514030 ,11241 ,223258 ,97004 ,10922 ,274556 ,0 ,5920 ,44184 ,13431 ,49309 ,1122162 ,23977 ,2726153 ,8342 ,0 ,473 ,1062 ,25590 ,0 ,1284 ,757 ,41632 ,20966 ,666722 ,434 ,1589 ,4308742 ,20728 ,8916 ,3089 ,16776 ,11680 ,112506 ,494035 ,240 ,1625 ,4782 ,4786 ,1193 ,7926 ,152068 ,0 ,2855 ,3194 ,2478 ,72606 ,3039 ,4318 ,254 ,2527432 ,61053 ,15935 ,25725 ,77759 ,127603 ,15379 ,12537 ,0 ,10626 ,144684 ,388017 ,4219 ,0 ,121366 ,0 ,201259 ,732614 ,1552 ,261861 ,50246 ,7611 ,473 ,1650 ,3730 ,34950 ,6349 ,3820 ,346835 ,87830 ,7349 ,63080 ,3595 ,17903 ,115338 ,130350 ,0 ,220099 ,72948 ,0 ,24525 ,1396222 ,3106 ,484 ,306 ,282826 ,1923352 ,77974 ,6928 ,503 ,1306 ,1186 ,937408 ,197700 ,6154 ,23235 ,2241632 ,60223 ,39962 ,1127 ,37321 ,4802 ,4533 ,26448 ,269341 ,1284 ,267 ,25930 ,612658 ,34935 ,2147 ,3176 ,211772 ,332193 ,1715 ,3330 ,190944 ,0 ,9626 ,47421 ,1433 ,19744 ,20172 ,11117 ,7035738 ,60256 ,98003 ,1009473 ,489 ,21160 ,25962 ,57392 ,11493 ,126038 ,144 ,2820 ,439335 ,176380 ,2193360 ,9694 ,24971 ,186083 ,13235 ,0 ,103844 ,7446 ,0 ,32802 ,1877210 ,5201 ,13698 ,20409 ,27199 ,10110 ,0 ,0 ,0 ,126429 ,1385 ,604 ,6031 ,68383 ,36367 ,13902 ,11561 ,719322 ,9426 ,50515 ,3731619 ,14326 ,235849 ,20060 ,2115687 ,1715237 ,571818 ,409281 ,2272 ,75523 ,7440870 ,3507 ,302 ,0 ,8588267 ,22730 ,3001 ,0 ,132997 ,54003 ,7186 ,138919 ,40884 ,4770 ,173677 ,228902 ,2785 ,103221 ,3685 ,6830 ,450782 ,1237347 ,1915021 ,2545535 ,15856 ,4590 ,8215 ,0 ,10351 ,6213 ,542880 ,3207 ,2015 ,7298 ,274509 ,8484 ,2588221 ,2198 ,30633 ,727 ,14138 ,1820 ,16259886 ,14135 ,23437 ,744382 ,267 ,87986 ,6128 ,2846 ,0 ,123273 ,44556 ,28111 ,6611 ,71131 ,871326 ,25113 ,20486 ,16380 ,74012 ,114792 ,215391 ,465955 ,1306742 ,496289 ,28771 ,1306 ,8718141 ,0 ,2324 ,17085 ,2120 ,13265 ,9429 ,35144 ,75449 ,1622 ,2106 ,3314 ,231473 ,4759 ,9666 ,15365 ,9268 ,2910 ,2777 ,918 ,190933 ,15705 ,66630 ,37578 ,7511 ,17528 ,1542 ,59863 ,0 ,1857 ,92795 ,47918 ,476 ,1972 ,16397 ,9410 ,90974 ,46287 ,3861343 ,6357 ,65135 ,12875 ,29088 ,581401 ,22410 ,0 ,2209 ,5002 ,0 ,8581 ,430 ,24570 ,113857 ,90455 ,1775 ,58770 ,5831 ,125916 ,1426520 ,365 ,150944 ,15365 ,4547 ,6621 ,721569 ,948 ,30522 ,11495 ,4458 ,77946 ,83140 ,0 ,216260 ,180382 ,5124 ,3599 ,23004 ,0 ,6748 ,3581 ,40420 ,429251 ,460748 ,177 ,3891 ,266842 ,78799 ,12432 ,148405 ,98459 ,478821 ,310187 ,2942 ,0 ,483241 ,3143313 ,3501 ,999249 ,10193 ,8659 ,5536 ,45753 ,3590775 ,28473 ,16999 ,12407 ,2079 ,85536 ,4699 ,11467 ,242713 ,40770 ,3192 ,136512 ,650504 ,7163 ,10505 ,29990 ,22497 ,281 ,179639 ,11520 ,17729 ,17637 ,37085 ,105388 ,226 ,45759 ,57513 ,1534863 ,159 ,159 ,11297 ,244897 ,89701 ,2832 ,68247 ,21341 ,20040 ,2888 ,554992 ,424 ,435527 ,3953 ,1466 ,773 ,530374 ,2977 ,3184 ,599 ,599 ,22389 ,2251 ,6571 ,60362 ,28565 ,180827 ,86614 ,134207 ,186410 ,36587623 ,2846 ,15270 ,50362 ,166617 ,8467 ,124189 ,252472 ,814014 ,88469 ,5048067 ,3409 ,7071 ,14866 ,69512 ,14107 ,392084 ,8816 ,409 ,4879 ,22721 ,21566 ,7666 ,29765 ,6348 ,491903 ,10921 ,4850 ,194396 ,2459114 ,610504 ,5633 ,5766347 ,0 ,46671 ,19310 ,299490 ,12226 ,47688 ,10238 ,267 ,45922 ,118674 ,729605 ,0 ,22962 ,2000 ,22999 ,42304 ,64841 ,1658 ,27923 ,25944 ,0 ,26625 ,7496 ,95119 ,52235 ,0 ,9578 ,144052 ,0 ,395148 ,2824 ,4270 ,2219024 ,648772 ,502 ,112651 ,1753 ,19178 ,1946 ,24362 ,49335 ,9340 ,143562 ,21498 ,1170194 ,30296 ,1321 ,2089 ,48712 ,159948 ,167165 ,65705 ,251965 ,7749464 ,13029 ,16244 ,649909 ,0 ,0 ,7898 ,65039 ,9483 ,419080 ,662743 ,4936 ,90836 ,14760 ,1612 ,201271 ,1431 ,31081146 ,49942 ,58647 ,12416 ,3777 ,1446 ,348506 ,123156 ,6738 ,131635 ,145071 ,2021002 ,44749 ,351649 ,334302 ,217463 ,265247 ,4417 ,5405 ,1742 ,73800 ,0 ,12031 ,12031 ,16211493 ,3570107 ,41 ,6434 ,8443742 ,3724755 ,725652 ,1766 ,82264 ,227077 ,104960 ,18906 ,23155 ,17085 ,41044 ,951580 ,13724 ,32790 ,4178 ,39558 ,0 ,2688 ,7503725 ,39197 ,49259 ,3707567 ,332336 ,455793 ,2741 ,0 ,641799 ,27103 ,11308 ,7785 ,2292 ,56777 ,12138 ,8076 ,4942 ,292252 ,95941 ,139 ,95405 ,63000 ,1937601 ,2517 ,8581 ,3448 ,1743 ,294 ,0 ,128254 ,39918 ,122280 ,472296 ,8945 ,1662975 ,4709 ,1907 ,1226012834 ,55157 ,3879 ,6450 ,0 ,1999458 ,6776 ,2256 ,11969 ,700908 ,2364 ,2477 ,1879 ,22693 ,19814 ,6952 ,3603 ,1258 ,75335 ,2050782 ,18135 ,1111204 ,686615 ,1888 ,1921 ,48005 ,6602 ,3942 ,61532 ,386 ,815009 ,51317 ,433533 ,0 ,2968108 ,8197 ,66909 ,224815 ,7027 ,0 ,1614 ,3557 ,2580 ,2062 ,14717 ,17127 ,14923 ,13424 ,47361 ,17283 ,1999495 ,1907 ,10862 ,9223 ,36458 ,4820 ,35408 ,3678568 ,123321 ,529873 ,10325 ,3858 ,2691322 ,4803 ,3865 ,544 ,53048 ,211504 ,30670 ,66901 ,20971 ,0 ,27219 ,4473 ,531951 ,267 ,4223 ,484321 ,100570 ,20851 ,0 ,4372 ,16193 ,162527 ,18785 ,0 ,4637 ,28796 ,78135 ,44333094 ,4489034 ,14646414 ,159674 ,1712532 ,5137192 ,127437 ,5110480 ,6293 ,528943 ,71940 ,103529 ,17211 ,162411 ,18997 ,3349 ,28494 ,6097 ,3293 ,3135 ,6242795 ,110127 ,61218 ,170495 ,138 ,5777 ,2948950 ,23656 ,25724 ,992224 ,3377 ,56446 ,337681 ,31025 ,1433 ,15608 ,91606 ,1551 ,44971 ,56255 ,425125 ,93069 ,254156 ,12141 ,1698847 ,64547 ,23952 ,10031 ,8626 ,8577 ,9645625 ,5121 ,8606658 ,13472 ,84098 ,15826 ,1539 ,3805 ,0 ,71127 ,267541 ,36044207 ,104865 ,8116 ,4500 ,39830 ,29094 ,98756 ,1047 ,179787 ,54402 ,42828 ,292584 ,18079 ,10164 ,954372 ,131386 ,16788 ,93344 ,419258 ,664477 ,1023766 ,48542 ,3538 ,64227 ,2317097 ,1944656 ,1612920 ,151101 ,561531 ,3070009 ,1359278 ,11052 ,52289 ,202 ,198332 ,77422 ,0 ,250 ,0 ,18510 ,96960 ,1430939 ,15881 ,744906 ,23128 ,15532 ,74637 ,92390 ,50925 ,213734 ,3966 ,0 ,242608 ,15132594 ,4582 ,3940 ,34233 ,68586 ,9132 ,31334399 ,12901 ,696011 ,73947 ,23380 ,28734 ,52480 ,29526 ,282309 ,7819 ,397415 ,603978 ,38375 ,56546 ,2004 ,67037 ,152068 ,4900 ,28807 ,128623 ,4649 ,8901205 ,12305914 ,20094 ,11183129 ,0 ,0 ,8436 ,1613 ,55880 ,69856 ,3556 ,6769 ,3946809 ,92602 ,7173 ,13454 ,55102 ,77329 ,639340 ,0 ,22 ,7857 ,9021 ,0 ,78752 ,0 ,6487 ,4059015 ,431667 ,0 ,1806233 ,49435 ,19962 ,9043 ,113249 ,65880 ,27747 ,1294 ,202602 ,68626 ,129685 ,1973 ,194 ,68045 ,15171 ,7703 ,10248265 ,32038 ,41108 ,0 ,1831251 ,1942860319 ,480403 ,18994 ,13155 ,8951 ,243817 ,22691 ,5521 ,902 ,2513820 ,13602 ,79463 ,191102 ,2305 ,194227 ,9423 ,6467 ,14090 ,18067 ,27729 ,1065336 ,218850 ,118 ,7199 ,34891 ,28854 ,25579 ,12812 ,19837 ,532399 ,348 ,0 ,63579 ,7528 ,229829 ,406873 ,89319 ,51908 ,21820 ,408045 ,113875 ,5468 ,7069 ,392002 ,61342 ,387824 ,200060 ,3198 ,3540 ,165102 ,9215 ,232116 ,42350 ,11892 ,457314 ,60752 ,18229 ,3832 ,84068 ,12653 ,473 ,4231 ,5634 ,29635 ,121219 ,175202 ,37768 ,16797 ,7458 ,17155 ,46555 ,162958 ,22577 ,3065 ,0 ,546439 ,20530 ,68612 ,660 ,1765 ,81181 ,748946 ,4166 ,5631 ,5631 ,15999 ,277493 ,2078 ,3982241 ,10780 ,75574 ,3825 ,13123 ,199 ,338 ,5517 ,1420368 ,135663 ,106149 ,6215 ,31969 ,15681 ,220861 ,477 
2022-06-01,0 ,0 ,0 ,0 ,0 ,0 ,0 ,0 ,0 ,0 ,0 ,0 ,0 ,0 ,4364 ,0 ,0 ,0 ,0 ,0 ,0 ,0 ,0 ,0 ,0 ,0 ,0 ,0 ,0 ,0 ,0 ,0 ,0 ,0 ,0 ,0 ,0 ,0 ,0 ,0 ,0 ,0 ,0 ,0 ,0 ,0 ,289902 ,0 ,0 ,0 ,0 ,0 ,0 ,0 ,0 ,0 ,0 ,0 ,0 ,0 ,0 ,0 ,0 ,0 ,0 ,0 ,0 ,0 ,0 ,0 ,0 ,0 ,0 ,0 ,0 ,0 ,0 ,0 ,0 ,0 ,0 ,0 ,0 ,0 ,0 ,0 ,0 ,0 ,0 ,0 ,0 ,0 ,0 ,0 ,0 ,0 ,0 ,0 ,0 ,0 ,0 ,0 ,0 ,0 ,0 ,0 ,0 ,0 ,0 ,0 ,0 ,0 ,0 ,0 ,0 ,0 ,0 ,0 ,0 ,0 ,0 ,0 ,0 ,0 ,0 ,0 ,0 ,0 ,0 ,0 ,0 ,0 ,0 ,0 ,0 ,0 ,0 ,0 ,0 ,0 ,0 ,0 ,0 ,0 ,0 ,0 ,0 ,0 ,0 ,0 ,0 ,0 ,0 ,0 ,0 ,0 ,0 ,0 ,0 ,0 ,0 ,0 ,0 ,0 ,0 ,0 ,0 ,0 ,0 ,0 ,0 ,0 ,0 ,0 ,0 ,0 ,0 ,0 ,0 ,0 ,0 ,0 ,0 ,0 ,0 ,0 ,0 ,0 ,0 ,0 ,0 ,0 ,0 ,0 ,0 ,0 ,0 ,0 ,0 ,0 ,0 ,0 ,0 ,0 ,0 ,0 ,0 ,0 ,0 ,0 ,0 ,0 ,0 ,0 ,0 ,0 ,0 ,0 ,0 ,0 ,0 ,0 ,0 ,0 ,0 ,0 ,0 ,0 ,0 ,0 ,0 ,0 ,0 ,0 ,0 ,0 ,0 ,0 ,0 ,0 ,0 ,0 ,0 ,0 ,0 ,0 ,0 ,0 ,0 ,0 ,0 ,0 ,0 ,0 ,0 ,0 ,0 ,0 ,0 ,0 ,0 ,0 ,0 ,0 ,0 ,0 ,0 ,0 ,0 ,0 ,0 ,0 ,0 ,0 ,0 ,0 ,0 ,0 ,0 ,0 ,0 ,0 ,0 ,0 ,0 ,0 ,0 ,0 ,0 ,0 ,0 ,0 ,0 ,26166 ,0 ,0 ,0 ,0 ,0 ,0 ,0 ,0 ,0 ,0 ,0 ,0 ,0 ,0 ,0 ,0 ,0 ,0 ,0 ,0 ,0 ,0 ,0 ,0 ,0 ,0 ,0 ,0 ,0 ,0 ,0 ,0 ,0 ,0 ,0 ,0 ,0 ,0 ,0 ,0 ,0 ,0 ,0 ,0 ,0 ,0 ,0 ,0 ,0 ,0 ,0 ,0 ,0 ,0 ,0 ,0 ,0 ,0 ,0 ,0 ,0 ,0 ,0 ,0 ,0 ,0 ,0 ,0 ,0 ,0 ,0 ,0 ,0 ,0 ,0 ,0 ,0 ,0 ,0 ,0 ,0 ,0 ,260677 ,0 ,0 ,0 ,0 ,0 ,0 ,0 ,0 ,0 ,0 ,0 ,0 ,0 ,0 ,0 ,0 ,0 ,0 ,0 ,0 ,0 ,0 ,0 ,0 ,0 ,0 ,0 ,0 ,0 ,0 ,0 ,0 ,0 ,0 ,0 ,0 ,0 ,0 ,0 ,0 ,0 ,0 ,0 ,33 ,0 ,0 ,0 ,0 ,0 ,0 ,0 ,0 ,0 ,0 ,0 ,0 ,0 ,0 ,0 ,0 ,0 ,0 ,0 ,0 ,0 ,0 ,0 ,0 ,0 ,0 ,0 ,0 ,0 ,0 ,0 ,0 ,0 ,0 ,0 ,0 ,0 ,0 ,0 ,0 ,0 ,0 ,0 ,0 ,0 ,0 ,0 ,0 ,0 ,0 ,0 ,0 ,0 ,0 ,0 ,0 ,0 ,0 ,0 ,0 ,0 ,0 ,0 ,0 ,0 ,0 ,0 ,0 ,0 ,0 ,0 ,434557 ,0 ,0 ,0 ,0 ,0 ,0 ,0 ,0 ,0 ,0 ,0 ,0 ,0 ,0 ,0 ,0 ,0 ,0 ,0 ,0 ,0 ,0 ,0 ,0 ,0 ,0 ,0 ,0 ,0 ,0 ,0 ,0 ,0 ,0 ,0 ,0 ,0 ,0 ,0 ,21206 ,0 ,0 ,0 ,0 ,35738 ,0 ,0 ,0 ,0 ,0 ,0 ,0 ,0 ,0 ,0 ,0 ,0 ,0 ,0 ,0 ,0 ,0 ,0 ,0 ,0 ,0 ,0 ,0 ,0 ,0 ,0 ,0 ,0 ,0 ,0 ,0 ,0 ,0 ,0 ,0 ,0 ,0 ,0 ,0 ,0 ,0 ,0 ,0 ,0 ,0 ,0 ,0 ,0 ,0 ,0 ,0 ,0 ,0 ,0 ,0 ,0 ,0 ,0 ,0 ,0 ,0 ,0 ,0 ,0 ,0 ,0 ,0 ,0 ,0 ,0 ,0 ,0 ,0 ,0 ,0 ,0 ,0 ,0 ,0 ,0 ,0 ,0 ,0 ,0 ,0 ,0 ,0 ,0 ,0 ,0 ,0 ,0 ,0 ,0 ,0 ,0 ,0 ,0 ,0 ,0 ,0 ,0 ,0 ,0 ,0 ,0 ,0 ,0 ,0 ,0 ,0 ,0 ,0 ,0 ,0 ,0 ,0 ,0 ,0 ,3427 ,0 ,0 ,0 ,0 ,8164 ,0 ,0 ,0 ,0 ,0 ,0 ,0 ,0 ,0 ,0 ,0 ,0 ,0 ,0 ,0 ,0 ,0 ,0 ,1495 ,0 ,0 ,661384 ,0 ,0 ,0 ,0 ,0 ,0 ,0 ,0 ,0 ,0 ,0 ,0 ,0 ,0 ,0 ,0 ,0 ,0 ,0 ,0 ,0 ,0 ,0 ,0 ,0 ,0 ,0 ,0 ,0 ,0 ,0 ,0 ,0 ,0 ,0 ,0 ,0 ,0 ,171342 ,0 ,0 ,0 ,0 ,0 ,0 ,0 ,0 ,0 ,0 ,0 ,0 ,0 ,0 ,0 ,0 ,0 ,0 ,0 ,0 ,0 ,0 ,0 ,0 ,0 ,0 ,0 ,0 ,0 ,0 ,0 ,0 ,0 ,0 ,0 ,0 ,0 ,0 ,0 ,0 ,0 ,0 ,0 ,0 ,0 ,0 ,0 ,0 ,0 ,0 ,0 ,0 ,0 ,0 ,0 ,0 ,0 ,0 ,0 ,0 ,0 ,0 ,0 ,0 ,0 ,0 ,0 ,0 ,0 ,0 ,0 ,0 ,0 ,0 ,0 ,0 ,0 ,0 ,0 ,0 ,0 ,0 ,0 ,0 ,0 ,0 ,0 ,0 ,0 ,0 ,0 ,0 ,0 ,0 ,0 ,0 ,0 ,0 ,0 ,0 ,0 ,0 ,0 ,0 ,0 ,0 ,0 ,0 ,3104 ,0 ,0 ,0 ,0 ,0 ,0 ,0 ,0 ,0 ,0 ,0 ,0 ,0 ,0 ,0 ,0 ,0 ,0 ,0 ,0 ,0 ,0 ,0 ,0 ,0 ,0 ,20714 ,0 ,0 ,0 ,0 ,0 ,0 ,0 ,0 ,0 ,0 ,0 ,0 ,0 ,0 ,0 ,0 ,0 ,0 ,0 ,0 ,0 ,0 ,0 ,0 ,0 ,0 ,0 ,0 ,0 ,0 ,0 ,0 ,0 ,0 ,0 ,0 ,0 ,0 ,0 ,0 ,0 ,0 ,0 ,0 ,0 ,0 ,0 ,0 ,0 ,0 ,0 ,0 ,0 ,0 ,0 ,0 ,0 ,0 ,0 ,0 ,0 ,0 ,0 ,0 ,0 ,0 ,0 ,0 ,0 ,0 ,0 ,0 ,0 ,0 ,0 ,0 ,0 ,0 ,39660 ,0 ,0 ,0 ,0 ,0 ,0 ,0 ,0 ,0 ,0 ,0 ,0 ,0 ,0 ,0 ,0 ,0 ,0 ,0 ,0 ,0 ,0 ,0 ,0 ,0 ,0 ,0 ,0 ,0 ,0 ,0 ,0 ,0 ,0 ,0 ,0 ,0 ,0 ,0 ,0 ,0 ,0 ,0 ,0 ,0 ,0 ,0 ,0 ,0 ,0 ,0 ,0 ,0 ,0 ,0 ,0 ,0 ,0 ,0 ,0 ,0 ,0 ,0 ,0 ,0 ,0 ,0 ,0 ,0 ,0 ,0 ,0 ,0 ,0 ,0 ,0 ,0 ,0 ,0 ,0 ,0 ,0 ,0 ,0 ,0 ,0 ,0 ,0 ,0 ,0 ,0 ,0 ,0 ,0 ,0 ,0 ,0 ,0 ,0 ,0 ,0 ,0 ,0 ,0 ,0 ,0 ,0 ,0 ,0 ,0 ,0 ,2562 ,0 ,0 ,0 ,0 ,0 ,0 ,0 ,0 ,0 ,0 ,0 ,0 ,0 ,0 ,0 ,567665 ,0 ,0 ,0 ,0 ,0 ,0 ,0 ,0 ,0 ,0 ,0 ,0 ,0 ,0 ,0 ,0 ,0 ,0 ,0 ,0 ,0 ,0 ,0 ,0 ,0 ,0 ,0 ,0 ,0 ,0 ,0 ,0 ,0 ,0 ,0 ,0 ,0 ,0 ,0 ,0 ,0 ,148440 ,0 ,0 ,0 ,0 ,0 ,0 ,0 ,0 ,0 ,0 ,0 ,0 ,0 ,0 ,0 ,0 ,0 ,0 ,0 ,0 ,0 ,0 ,0 ,0 ,0 ,0 ,0 ,0 ,0 ,0 ,0 ,0 
